# step_dt,time_dt,train_loss_dt
0.000000000000000 0.000000000000000 46.000000000000000
0.000000000000000 2.070118427276611 10.883115768432617
1.000000000000000 2.078118801116943 3.243876457214355
2.000000000000000 2.089119672775269 0.984943389892578
3.000000000000000 2.097120046615601 0.407939255237579
4.000000000000000 2.107120513916016 0.170838192105293
5.000000000000000 2.114120960235596 0.078226923942566
6.000000000000000 2.123121500015259 0.035867169499397
7.000000000000000 2.132122039794922 0.016575988382101
8.000000000000000 2.143122673034668 0.007661292329431
9.000000000000000 2.150123119354248 0.003542921971530
10.000000000000000 2.160123586654663 0.001638374291360
11.000000000000000 2.169124126434326 0.000757731730118
12.000000000000000 2.179124593734741 0.000350454123691
13.000000000000000 2.187125205993652 0.000162074225955
14.000000000000000 2.198125839233398 0.000074943221989
15.000000000000000 2.206126213073730 0.000034665288695
16.000000000000000 2.216126680374146 0.000016029811377
17.000000000000000 2.223127126693726 0.000007419739632
18.000000000000000 2.235127925872803 0.000003435075541
19.000000000000000 2.243128299713135 0.000001592740318
20.000000000000000 2.253129005432129 0.000000738385552
21.000000000000000 2.261129379272461 0.000000341636678
22.000000000000000 2.272130012512207 0.000000158504236
23.000000000000000 2.280130386352539 0.000000074107959
24.000000000000000 2.290131092071533 0.000000034631057
25.000000000000000 2.299131631851196 0.000000016204012
26.000000000000000 2.309132099151611 0.000000007499239
27.000000000000000 2.317132472991943 0.000000003449770
28.000000000000000 2.329133272171021 0.000000001613500
29.000000000000000 2.338133811950684 0.000000000789498
30.000000000000000 2.348134279251099 0.000000000383352
31.000000000000000 2.356134891510010 0.000000000161890
32.000000000000000 2.368135452270508 0.000000000073271
33.000000000000000 2.376136064529419 0.000000000024784
34.000000000000000 2.386136531829834 0.000000000010232
35.000000000000000 2.394136905670166 0.000000000003183
36.000000000000000 2.405137538909912 0.000000000000966
37.000000000000000 2.445139884948730 0.000000000000966
38.000000000000000 2.483142137527466 0.000000000000966
39.000000000000000 2.522144317626953 0.000000000000966
40.000000000000000 2.561146497726440 0.000000000000966
41.000000000000000 2.603148937225342 0.000000000000966
42.000000000000000 2.640151023864746 0.000000000000966
43.000000000000000 2.678153276443481 0.000000000000966
44.000000000000000 2.718155622482300 0.000000000000966
45.000000000000000 2.758157730102539 0.000000000000966
46.000000000000000 2.801160335540771 0.000000000000966
47.000000000000000 2.841162681579590 0.000000000000966
48.000000000000000 2.877164602279663 0.000000000000966
49.000000000000000 2.916166782379150 0.000000000000966
50.000000000000000 2.955168962478638 0.000000000000966
51.000000000000000 2.996171474456787 0.000000000000966
52.000000000000000 3.034173488616943 0.000000000000966
53.000000000000000 3.077176094055176 0.000000000000966
54.000000000000000 3.117178440093994 0.000000000000966
55.000000000000000 3.158180713653564 0.000000000000966
56.000000000000000 3.197182893753052 0.000000000000966
57.000000000000000 3.240185260772705 0.000000000000966
58.000000000000000 3.281187772750854 0.000000000000966
59.000000000000000 3.318189859390259 0.000000000000966
60.000000000000000 3.359192132949829 0.000000000000966
61.000000000000000 3.398194313049316 0.000000000000966
62.000000000000000 3.432196378707886 0.000000000000966
63.000000000000000 3.472198724746704 0.000000000000966
64.000000000000000 3.512201070785522 0.000000000000966
65.000000000000000 3.552203178405762 0.000000000000966
66.000000000000000 3.590205430984497 0.000000000000966
67.000000000000000 3.630207777023315 0.000000000000966
68.000000000000000 3.666209697723389 0.000000000000966
69.000000000000000 3.704211950302124 0.000000000000966
70.000000000000000 3.745214223861694 0.000000000000966
71.000000000000000 3.785216569900513 0.000000000000966
72.000000000000000 3.827219009399414 0.000000000000966
73.000000000000000 3.867221355438232 0.000000000000966
74.000000000000000 3.907223463058472 0.000000000000966
75.000000000000000 3.945225715637207 0.000000000000966
76.000000000000000 3.984227895736694 0.000000000000966
77.000000000000000 4.025230169296265 0.000000000000966
78.000000000000000 4.065232515335083 0.000000000000966
79.000000000000000 4.104234695434570 0.000000000000966
80.000000000000000 4.140236854553223 0.000000000000966
81.000000000000000 4.181239128112793 0.000000000000966
82.000000000000000 4.222241640090942 0.000000000000966
83.000000000000000 4.261243820190430 0.000000000000966
84.000000000000000 4.295245885848999 0.000000000000966
85.000000000000000 4.336248159408569 0.000000000000966
86.000000000000000 4.375250339508057 0.000000000000966
87.000000000000000 4.411252260208130 0.000000000000966
88.000000000000000 4.453254699707031 0.000000000000966
89.000000000000000 4.493257045745850 0.000000000000966
90.000000000000000 4.532259225845337 0.000000000000966
91.000000000000000 4.568261384963989 0.000000000000966
92.000000000000000 4.609263658523560 0.000000000000966
93.000000000000000 4.650266170501709 0.000000000000966
94.000000000000000 4.692268371582031 0.000000000000966
95.000000000000000 4.735270977020264 0.000000000000966
96.000000000000000 4.774273157119751 0.000000000000966
97.000000000000000 4.815275430679321 0.000000000000966
98.000000000000000 4.854277610778809 0.000000000000966
99.000000000000000 4.893280029296875 0.000000000000966
100.000000000000000 4.933282136917114 0.000000000000966
101.000000000000000 4.973284482955933 0.000000000000966
102.000000000000000 5.014286756515503 0.000000000000966
103.000000000000000 5.054289102554321 0.000000000000966
104.000000000000000 5.096291542053223 0.000000000000966
105.000000000000000 5.137293815612793 0.000000000000966
106.000000000000000 5.178296327590942 0.000000000000966
107.000000000000000 5.220298767089844 0.000000000000966
108.000000000000000 5.261301040649414 0.000000000000966
109.000000000000000 5.299303054809570 0.000000000000966
110.000000000000000 5.339305400848389 0.000000000000966
111.000000000000000 5.382307767868042 0.000000000000966
112.000000000000000 5.420310020446777 0.000000000000966
113.000000000000000 5.460312366485596 0.000000000000966
114.000000000000000 5.493314266204834 0.000000000000966
115.000000000000000 5.528316259384155 0.000000000000966
116.000000000000000 5.558317899703979 0.000000000000966
117.000000000000000 5.591319799423218 0.000000000000966
118.000000000000000 5.622321605682373 0.000000000000966
119.000000000000000 5.659323692321777 0.000000000000966
120.000000000000000 5.691325664520264 0.000000000000966
121.000000000000000 5.719327211380005 0.000000000000966
122.000000000000000 5.751328945159912 0.000000000000966
123.000000000000000 5.785331010818481 0.000000000000966
124.000000000000000 5.821332931518555 0.000000000000966
125.000000000000000 5.852334737777710 0.000000000000966
126.000000000000000 5.889336824417114 0.000000000000966
127.000000000000000 5.920338630676270 0.000000000000966
128.000000000000000 5.953340530395508 0.000000000000966
129.000000000000000 5.982342243194580 0.000000000000966
130.000000000000000 6.011343955993652 0.000000000000966
131.000000000000000 6.038345575332642 0.000000000000966
132.000000000000000 6.070347309112549 0.000000000000966
133.000000000000000 6.104349136352539 0.000000000000966
134.000000000000000 6.133350849151611 0.000000000000966
135.000000000000000 6.163352489471436 0.000000000000966
136.000000000000000 6.198354482650757 0.000000000000966
137.000000000000000 6.227356195449829 0.000000000000966
138.000000000000000 6.260358095169067 0.000000000000966
139.000000000000000 6.292360067367554 0.000000000000966
140.000000000000000 6.323361873626709 0.000000000000966
141.000000000000000 6.356363534927368 0.000000000000966
142.000000000000000 6.389365434646606 0.000000000000966
143.000000000000000 6.424367427825928 0.000000000000966
144.000000000000000 6.457369327545166 0.000000000000966
145.000000000000000 6.493371486663818 0.000000000000966
146.000000000000000 6.528373479843140 0.000000000000966
147.000000000000000 6.561375379562378 0.000000000000966
148.000000000000000 6.594377279281616 0.000000000000966
149.000000000000000 6.628379106521606 0.000000000000966
150.000000000000000 6.665381193161011 0.000000000000966
151.000000000000000 6.695383071899414 0.000000000000966
152.000000000000000 6.733385086059570 0.000000000000966
153.000000000000000 6.771387338638306 0.000000000000966
154.000000000000000 6.809389591217041 0.000000000000966
155.000000000000000 6.848391771316528 0.000000000000966
156.000000000000000 6.882393598556519 0.000000000000966
157.000000000000000 6.921396017074585 0.000000000000966
158.000000000000000 6.958398103713989 0.000000000000966
159.000000000000000 6.991400003433228 0.000000000000966
160.000000000000000 7.029402017593384 0.000000000000966
161.000000000000000 7.068404436111450 0.000000000000966
162.000000000000000 7.109406709671021 0.000000000000966
163.000000000000000 7.147408962249756 0.000000000000966
164.000000000000000 7.186411142349243 0.000000000000966
165.000000000000000 7.223413228988647 0.000000000000966
166.000000000000000 7.260415315628052 0.000000000000966
167.000000000000000 7.298417568206787 0.000000000000966
168.000000000000000 7.332419395446777 0.000000000000966
169.000000000000000 7.367421388626099 0.000000000000966
170.000000000000000 7.400423288345337 0.000000000000966
171.000000000000000 7.437425374984741 0.000000000000966
172.000000000000000 7.471427440643311 0.000000000000966
173.000000000000000 7.508429527282715 0.000000000000966
174.000000000000000 7.545431613922119 0.000000000000966
175.000000000000000 7.579433679580688 0.000000000000966
176.000000000000000 7.622436046600342 0.000000000000966
177.000000000000000 7.665438413619995 0.000000000000966
178.000000000000000 7.707440853118896 0.000000000000966
179.000000000000000 7.748443365097046 0.000000000000966
180.000000000000000 7.790445566177368 0.000000000000966
181.000000000000000 7.827447891235352 0.000000000000966
182.000000000000000 7.868450164794922 0.000000000000966
183.000000000000000 7.911452531814575 0.000000000000966
184.000000000000000 7.950454711914062 0.000000000000966
185.000000000000000 7.987456798553467 0.000000000000966
186.000000000000000 8.027459144592285 0.000000000000966
187.000000000000000 8.068461656570435 0.000000000000966
188.000000000000000 8.110463857650757 0.000000000000966
189.000000000000000 8.152466297149658 0.000000000000966
190.000000000000000 8.191468477249146 0.000000000000966
191.000000000000000 8.230470657348633 0.000000000000966
192.000000000000000 8.272473096847534 0.000000000000966
193.000000000000000 8.310475349426270 0.000000000000966
194.000000000000000 8.349477529525757 0.000000000000966
195.000000000000000 8.390480041503906 0.000000000000966
196.000000000000000 8.426481962203979 0.000000000000966
197.000000000000000 8.466484308242798 0.000000000000966
198.000000000000000 8.502486467361450 0.000000000000966
199.000000000000000 8.541488647460938 0.000000000000966
200.000000000000000 8.581490755081177 0.000000000000966
201.000000000000000 8.620493173599243 0.000000000000966
202.000000000000000 8.656495094299316 0.000000000000966
203.000000000000000 8.690497159957886 0.000000000000966
204.000000000000000 8.728499174118042 0.000000000000966
205.000000000000000 8.768501520156860 0.000000000000966
206.000000000000000 8.806503772735596 0.000000000000966
207.000000000000000 8.845505952835083 0.000000000000966
208.000000000000000 8.886508464813232 0.000000000000966
209.000000000000000 8.926510572433472 0.000000000000966
210.000000000000000 8.968513011932373 0.000000000000966
211.000000000000000 9.009515285491943 0.000000000000966
212.000000000000000 9.050517559051514 0.000000000000966
213.000000000000000 9.092519998550415 0.000000000000966
214.000000000000000 9.131522417068481 0.000000000000966
215.000000000000000 9.174524784088135 0.000000000000966
216.000000000000000 9.213526964187622 0.000000000000966
217.000000000000000 9.249529123306274 0.000000000000966
218.000000000000000 9.285531282424927 0.000000000000966
219.000000000000000 9.321533203125000 0.000000000000966
220.000000000000000 9.362535476684570 0.000000000000966
221.000000000000000 9.400537729263306 0.000000000000966
222.000000000000000 9.440540075302124 0.000000000000966
223.000000000000000 9.476541996002197 0.000000000000966
224.000000000000000 9.514544248580933 0.000000000000966
225.000000000000000 9.552546501159668 0.000000000000966
226.000000000000000 9.590548515319824 0.000000000000966
227.000000000000000 9.626550674438477 0.000000000000966
228.000000000000000 9.667552947998047 0.000000000000966
229.000000000000000 9.698554754257202 0.000000000000966
230.000000000000000 9.730556488037109 0.000000000000966
231.000000000000000 9.770558834075928 0.000000000000966
232.000000000000000 9.811561346054077 0.000000000000966
233.000000000000000 9.850563526153564 0.000000000000966
234.000000000000000 9.894566059112549 0.000000000000966
235.000000000000000 9.935568332672119 0.000000000000966
236.000000000000000 9.977570772171021 0.000000000000966
237.000000000000000 10.013572692871094 0.000000000000966
238.000000000000000 10.048574686050415 0.000000000000966
239.000000000000000 10.081576585769653 0.000000000000966
240.000000000000000 10.121578931808472 0.000000000000966
241.000000000000000 10.164581537246704 0.000000000000966
242.000000000000000 10.198583364486694 0.000000000000966
243.000000000000000 10.239585876464844 0.000000000000966
244.000000000000000 10.277587890625000 0.000000000000966
245.000000000000000 10.309589862823486 0.000000000000966
246.000000000000000 10.344591856002808 0.000000000000966
247.000000000000000 10.377593517303467 0.000000000000966
248.000000000000000 10.417595863342285 0.000000000000966
249.000000000000000 10.455598115921021 0.000000000000966
250.000000000000000 10.486599922180176 0.000000000000966
251.000000000000000 10.514601469039917 0.000000000000966
252.000000000000000 10.551603555679321 0.000000000000966
253.000000000000000 10.585605382919312 0.000000000000966
254.000000000000000 10.624607801437378 0.000000000000966
255.000000000000000 10.664610147476196 0.000000000000966
256.000000000000000 10.704612255096436 0.000000000000966
257.000000000000000 10.744614601135254 0.000000000000966
258.000000000000000 10.778616666793823 0.000000000000966
259.000000000000000 10.813618659973145 0.000000000000966
260.000000000000000 10.847620487213135 0.000000000000966
261.000000000000000 10.885622739791870 0.000000000000966
262.000000000000000 10.922624826431274 0.000000000000966
263.000000000000000 10.959626913070679 0.000000000000966
264.000000000000000 10.998629093170166 0.000000000000966
265.000000000000000 11.037631273269653 0.000000000000966
266.000000000000000 11.077633619308472 0.000000000000966
267.000000000000000 11.112635612487793 0.000000000000966
268.000000000000000 11.144637584686279 0.000000000000966
269.000000000000000 11.175639390945435 0.000000000000966
270.000000000000000 11.207641124725342 0.000000000000966
271.000000000000000 11.246643304824829 0.000000000000966
272.000000000000000 11.287645578384399 0.000000000000966
273.000000000000000 11.327647924423218 0.000000000000966
274.000000000000000 11.366650104522705 0.000000000000966
275.000000000000000 11.397651910781860 0.000000000000966
276.000000000000000 11.439654350280762 0.000000000000966
277.000000000000000 11.472656250000000 0.000000000000966
278.000000000000000 11.505658149719238 0.000000000000966
279.000000000000000 11.535659790039062 0.000000000000966
280.000000000000000 11.566661596298218 0.000000000000966
281.000000000000000 11.600663661956787 0.000000000000966
282.000000000000000 11.628665208816528 0.000000000000966
283.000000000000000 11.659667015075684 0.000000000000966
284.000000000000000 11.697669029235840 0.000000000000966
285.000000000000000 11.738671541213989 0.000000000000966
286.000000000000000 11.770673274993896 0.000000000000966
287.000000000000000 11.801675081253052 0.000000000000966
288.000000000000000 11.835676908493042 0.000000000000966
289.000000000000000 11.873679161071777 0.000000000000966
290.000000000000000 11.914681673049927 0.000000000000966
291.000000000000000 11.953683853149414 0.000000000000966
292.000000000000000 11.996686220169067 0.000000000000966
293.000000000000000 12.036688566207886 0.000000000000966
294.000000000000000 12.075690746307373 0.000000000000966
295.000000000000000 12.110692739486694 0.000000000000966
296.000000000000000 12.139694452285767 0.000000000000966
297.000000000000000 12.171696186065674 0.000000000000966
298.000000000000000 12.208698272705078 0.000000000000966
299.000000000000000 12.240700244903564 0.000000000000966
300.000000000000000 12.277702331542969 0.000000000000966
301.000000000000000 12.316704511642456 0.000000000000966
302.000000000000000 12.353706598281860 0.000000000000966
303.000000000000000 12.392708778381348 0.000000000000966
304.000000000000000 12.431710958480835 0.000000000000966
305.000000000000000 12.476713657379150 0.000000000000966
306.000000000000000 12.516716003417969 0.000000000000966
307.000000000000000 12.556718349456787 0.000000000000966
308.000000000000000 12.596720457077026 0.000000000000966
309.000000000000000 12.637722969055176 0.000000000000966
310.000000000000000 12.678725242614746 0.000000000000966
311.000000000000000 12.718727588653564 0.000000000000966
312.000000000000000 12.763730049133301 0.000000000000966
313.000000000000000 12.805732488632202 0.000000000000966
314.000000000000000 12.846734762191772 0.000000000000966
315.000000000000000 12.888737201690674 0.000000000000966
316.000000000000000 12.927739381790161 0.000000000000966
317.000000000000000 12.969741821289062 0.000000000000966
318.000000000000000 13.011744260787964 0.000000000000966
319.000000000000000 13.054746866226196 0.000000000000966
320.000000000000000 13.094748973846436 0.000000000000966
321.000000000000000 13.136751413345337 0.000000000000966
322.000000000000000 13.178753852844238 0.000000000000966
323.000000000000000 13.215755939483643 0.000000000000966
324.000000000000000 13.258758306503296 0.000000000000966
325.000000000000000 13.302761077880859 0.000000000000966
326.000000000000000 13.344763278961182 0.000000000000966
327.000000000000000 13.383765459060669 0.000000000000966
328.000000000000000 13.414767265319824 0.000000000000966
329.000000000000000 13.452769517898560 0.000000000000966
330.000000000000000 13.489771604537964 0.000000000000966
331.000000000000000 13.528773784637451 0.000000000000966
332.000000000000000 13.569776058197021 0.000000000000966
333.000000000000000 13.609778404235840 0.000000000000966
334.000000000000000 13.650780916213989 0.000000000000966
335.000000000000000 13.689783096313477 0.000000000000966
336.000000000000000 13.729785442352295 0.000000000000966
337.000000000000000 13.770787715911865 0.000000000000966
338.000000000000000 13.809789896011353 0.000000000000966
339.000000000000000 13.850792169570923 0.000000000000966
340.000000000000000 13.887794256210327 0.000000000000966
341.000000000000000 13.924796581268311 0.000000000000966
342.000000000000000 13.963798761367798 0.000000000000966
343.000000000000000 14.003801107406616 0.000000000000966
344.000000000000000 14.043803215026855 0.000000000000966
345.000000000000000 14.081805467605591 0.000000000000966
346.000000000000000 14.118807554244995 0.000000000000966
347.000000000000000 14.157809972763062 0.000000000000966
348.000000000000000 14.195811986923218 0.000000000000966
349.000000000000000 14.234814167022705 0.000000000000966
350.000000000000000 14.271816492080688 0.000000000000966
351.000000000000000 14.307818412780762 0.000000000000966
352.000000000000000 14.339820384979248 0.000000000000966
353.000000000000000 14.377822399139404 0.000000000000966
354.000000000000000 14.408824205398560 0.000000000000966
355.000000000000000 14.445826292037964 0.000000000000966
356.000000000000000 14.480828285217285 0.000000000000966
357.000000000000000 14.518830537796021 0.000000000000966
358.000000000000000 14.556832790374756 0.000000000000966
359.000000000000000 14.594834804534912 0.000000000000966
360.000000000000000 14.636837244033813 0.000000000000966
361.000000000000000 14.680839776992798 0.000000000000966
362.000000000000000 14.719841957092285 0.000000000000966
363.000000000000000 14.757844209671021 0.000000000000966
364.000000000000000 14.791846036911011 0.000000000000966
365.000000000000000 14.831848382949829 0.000000000000966
366.000000000000000 14.873850822448730 0.000000000000966
367.000000000000000 14.915853261947632 0.000000000000966
368.000000000000000 14.954855442047119 0.000000000000966
369.000000000000000 14.995857715606689 0.000000000000966
370.000000000000000 15.035860061645508 0.000000000000966
371.000000000000000 15.073862314224243 0.000000000000966
372.000000000000000 15.114864587783813 0.000000000000966
373.000000000000000 15.155866861343384 0.000000000000966
374.000000000000000 15.198869466781616 0.000000000000966
375.000000000000000 15.238871574401855 0.000000000000966
376.000000000000000 15.277873754501343 0.000000000000966
377.000000000000000 15.319876194000244 0.000000000000966
378.000000000000000 15.362878799438477 0.000000000000966
379.000000000000000 15.401880979537964 0.000000000000966
380.000000000000000 15.444883584976196 0.000000000000966
381.000000000000000 15.485885858535767 0.000000000000966
382.000000000000000 15.525887966156006 0.000000000000966
383.000000000000000 15.562890291213989 0.000000000000966
384.000000000000000 15.604892492294312 0.000000000000966
385.000000000000000 15.644894838333130 0.000000000000966
386.000000000000000 15.686897277832031 0.000000000000966
387.000000000000000 15.726899623870850 0.000000000000966
388.000000000000000 15.769901990890503 0.000000000000966
389.000000000000000 15.807904243469238 0.000000000000966
390.000000000000000 15.849906682968140 0.000000000000966
391.000000000000000 15.896909236907959 0.000000000000966
392.000000000000000 15.936911582946777 0.000000000000966
393.000000000000000 15.977913856506348 0.000000000000966
394.000000000000000 16.014916181564331 0.000000000000966
395.000000000000000 16.052918195724487 0.000000000000966
396.000000000000000 16.091920375823975 0.000000000000966
397.000000000000000 16.131922721862793 0.000000000000966
398.000000000000000 16.171925067901611 0.000000000000966
399.000000000000000 16.200926780700684 0.000000000000966
400.000000000000000 16.236928701400757 0.000000000000966
401.000000000000000 16.276931047439575 0.000000000000966
402.000000000000000 16.309932947158813 0.000000000000966
403.000000000000000 16.347934961318970 0.000000000000966
404.000000000000000 16.388937473297119 0.000000000000966
405.000000000000000 16.427939653396606 0.000000000000966
406.000000000000000 16.467941999435425 0.000000000000966
407.000000000000000 16.508944272994995 0.000000000000966
408.000000000000000 16.548946619033813 0.000000000000966
409.000000000000000 16.583948612213135 0.000000000000966
410.000000000000000 16.623950958251953 0.000000000000966
411.000000000000000 16.662953138351440 0.000000000000966
412.000000000000000 16.699955224990845 0.000000000000966
413.000000000000000 16.734957218170166 0.000000000000966
414.000000000000000 16.773959398269653 0.000000000000966
415.000000000000000 16.814961671829224 0.000000000000966
416.000000000000000 16.854964017868042 0.000000000000966
417.000000000000000 16.895966529846191 0.000000000000966
418.000000000000000 16.935968875885010 0.000000000000966
419.000000000000000 16.974971055984497 0.000000000000966
420.000000000000000 17.014973163604736 0.000000000000966
421.000000000000000 17.056975603103638 0.000000000000966
422.000000000000000 17.093977689743042 0.000000000000966
423.000000000000000 17.132979869842529 0.000000000000966
424.000000000000000 17.173982381820679 0.000000000000966
425.000000000000000 17.217984914779663 0.000000000000966
426.000000000000000 17.257987260818481 0.000000000000966
427.000000000000000 17.296989440917969 0.000000000000966
428.000000000000000 17.335991621017456 0.000000000000966
429.000000000000000 17.377994060516357 0.000000000000966
430.000000000000000 17.416996240615845 0.000000000000966
431.000000000000000 17.456998586654663 0.000000000000966
432.000000000000000 17.498000860214233 0.000000000000966
433.000000000000000 17.539003372192383 0.000000000000966
434.000000000000000 17.580005645751953 0.000000000000966
435.000000000000000 17.619007825851440 0.000000000000966
436.000000000000000 17.657010078430176 0.000000000000966
437.000000000000000 17.698012351989746 0.000000000000966
438.000000000000000 17.740014791488647 0.000000000000966
439.000000000000000 17.778016805648804 0.000000000000966
440.000000000000000 17.819019317626953 0.000000000000966
441.000000000000000 17.860021591186523 0.000000000000966
442.000000000000000 17.900023937225342 0.000000000000966
443.000000000000000 17.940026283264160 0.000000000000966
444.000000000000000 17.979028463363647 0.000000000000966
445.000000000000000 18.009030103683472 0.000000000000966
446.000000000000000 18.043032169342041 0.000000000000966
447.000000000000000 18.080034255981445 0.000000000000966
448.000000000000000 18.119036436080933 0.000000000000966
449.000000000000000 18.160038709640503 0.000000000000966
450.000000000000000 18.201040983200073 0.000000000000966
451.000000000000000 18.242043495178223 0.000000000000966
452.000000000000000 18.280045509338379 0.000000000000966
453.000000000000000 18.316047668457031 0.000000000000966
454.000000000000000 18.353049755096436 0.000000000000966
455.000000000000000 18.391052007675171 0.000000000000966
456.000000000000000 18.428054094314575 0.000000000000966
457.000000000000000 18.467056274414062 0.000000000000966
458.000000000000000 18.509058713912964 0.000000000000966
459.000000000000000 18.547060966491699 0.000000000000966
460.000000000000000 18.587063074111938 0.000000000000966
461.000000000000000 18.628065586090088 0.000000000000966
462.000000000000000 18.664067506790161 0.000000000000966
463.000000000000000 18.703069686889648 0.000000000000966
464.000000000000000 18.745072126388550 0.000000000000966
465.000000000000000 18.785074472427368 0.000000000000966
466.000000000000000 18.821076631546021 0.000000000000966
467.000000000000000 18.860078811645508 0.000000000000966
468.000000000000000 18.900081157684326 0.000000000000966
469.000000000000000 18.941083431243896 0.000000000000966
470.000000000000000 18.980085611343384 0.000000000000966
471.000000000000000 19.020087957382202 0.000000000000966
472.000000000000000 19.063090324401855 0.000000000000966
473.000000000000000 19.103092670440674 0.000000000000966
474.000000000000000 19.142094850540161 0.000000000000966
475.000000000000000 19.175096750259399 0.000000000000966
476.000000000000000 19.213099002838135 0.000000000000966
477.000000000000000 19.255101442337036 0.000000000000966
478.000000000000000 19.294103622436523 0.000000000000966
479.000000000000000 19.330105781555176 0.000000000000966
480.000000000000000 19.371108055114746 0.000000000000966
481.000000000000000 19.409110069274902 0.000000000000966
482.000000000000000 19.448112487792969 0.000000000000966
483.000000000000000 19.486114501953125 0.000000000000966
484.000000000000000 19.528116941452026 0.000000000000966
485.000000000000000 19.565119028091431 0.000000000000966
486.000000000000000 19.606121540069580 0.000000000000966
487.000000000000000 19.649123907089233 0.000000000000966
488.000000000000000 19.686125993728638 0.000000000000966
489.000000000000000 19.728128433227539 0.000000000000966
490.000000000000000 19.759130239486694 0.000000000000966
491.000000000000000 19.792132139205933 0.000000000000966
492.000000000000000 19.821133852005005 0.000000000000966
493.000000000000000 19.853135585784912 0.000000000000966
494.000000000000000 19.890137672424316 0.000000000000966
495.000000000000000 19.925139665603638 0.000000000000966
496.000000000000000 19.954141378402710 0.000000000000966
497.000000000000000 19.987143278121948 0.000000000000966
498.000000000000000 20.026145458221436 0.000000000000966
499.000000000000000 20.065147638320923 0.000000000000966
500.000000000000000 20.099149703979492 0.000000000000966
501.000000000000000 20.131151437759399 0.000000000000966
502.000000000000000 20.163153171539307 0.000000000000966
503.000000000000000 20.198155164718628 0.000000000000966
504.000000000000000 20.233157396316528 0.000000000000966
505.000000000000000 20.266159057617188 0.000000000000966
506.000000000000000 20.301161289215088 0.000000000000966
507.000000000000000 20.330162763595581 0.000000000000966
508.000000000000000 20.363164663314819 0.000000000000966
509.000000000000000 20.399166822433472 0.000000000000966
510.000000000000000 20.435168981552124 0.000000000000966
511.000000000000000 20.470170974731445 0.000000000000966
512.000000000000000 20.507173061370850 0.000000000000966
513.000000000000000 20.546175241470337 0.000000000000966
514.000000000000000 20.583177328109741 0.000000000000966
515.000000000000000 20.621179580688477 0.000000000000966
516.000000000000000 20.659181594848633 0.000000000000966
517.000000000000000 20.693183660507202 0.000000000000966
518.000000000000000 20.731185674667358 0.000000000000966
519.000000000000000 20.766187667846680 0.000000000000966
520.000000000000000 20.804189920425415 0.000000000000966
521.000000000000000 20.842192173004150 0.000000000000966
522.000000000000000 20.882194519042969 0.000000000000966
523.000000000000000 20.926197052001953 0.000000000000966
524.000000000000000 20.968199491500854 0.000000000000966
525.000000000000000 21.006201505661011 0.000000000000966
526.000000000000000 21.043203592300415 0.000000000000966
527.000000000000000 21.073205471038818 0.000000000000966
528.000000000000000 21.103207111358643 0.000000000000966
529.000000000000000 21.133208751678467 0.000000000000966
530.000000000000000 21.169210910797119 0.000000000000966
531.000000000000000 21.209213256835938 0.000000000000966
532.000000000000000 21.250215530395508 0.000000000000966
533.000000000000000 21.293217897415161 0.000000000000966
534.000000000000000 21.335220336914062 0.000000000000966
535.000000000000000 21.373222589492798 0.000000000000966
536.000000000000000 21.408224582672119 0.000000000000966
537.000000000000000 21.449226856231689 0.000000000000966
538.000000000000000 21.487229108810425 0.000000000000966
539.000000000000000 21.529231548309326 0.000000000000966
540.000000000000000 21.566233634948730 0.000000000000966
541.000000000000000 21.607235908508301 0.000000000000966
542.000000000000000 21.645238161087036 0.000000000000966
543.000000000000000 21.674239873886108 0.000000000000966
544.000000000000000 21.711241960525513 0.000000000000966
545.000000000000000 21.751244068145752 0.000000000000966
546.000000000000000 21.790246486663818 0.000000000000966
547.000000000000000 21.832248687744141 0.000000000000966
548.000000000000000 21.874251127243042 0.000000000000966
549.000000000000000 21.913253307342529 0.000000000000966
550.000000000000000 21.953255653381348 0.000000000000966
551.000000000000000 21.987257719039917 0.000000000000966
552.000000000000000 22.030260086059570 0.000000000000966
553.000000000000000 22.069262266159058 0.000000000000966
554.000000000000000 22.105264425277710 0.000000000000966
555.000000000000000 22.143266677856445 0.000000000000966
556.000000000000000 22.180268764495850 0.000000000000966
557.000000000000000 22.213270664215088 0.000000000000966
558.000000000000000 22.252272844314575 0.000000000000966
559.000000000000000 22.292275190353394 0.000000000000966
560.000000000000000 22.331277370452881 0.000000000000966
561.000000000000000 22.368279457092285 0.000000000000966
562.000000000000000 22.409281730651855 0.000000000000966
563.000000000000000 22.448283910751343 0.000000000000966
564.000000000000000 22.489286422729492 0.000000000000966
565.000000000000000 22.526288509368896 0.000000000000966
566.000000000000000 22.558290243148804 0.000000000000966
567.000000000000000 22.590292215347290 0.000000000000966
568.000000000000000 22.628294229507446 0.000000000000966
569.000000000000000 22.664296388626099 0.000000000000966
570.000000000000000 22.699298381805420 0.000000000000966
571.000000000000000 22.742300987243652 0.000000000000966
572.000000000000000 22.786303281784058 0.000000000000966
573.000000000000000 22.827305555343628 0.000000000000966
574.000000000000000 22.859307527542114 0.000000000000966
575.000000000000000 22.898309707641602 0.000000000000966
576.000000000000000 22.933311700820923 0.000000000000966
577.000000000000000 22.973314046859741 0.000000000000966
578.000000000000000 23.011316299438477 0.000000000000966
579.000000000000000 23.055318832397461 0.000000000000966
580.000000000000000 23.095321178436279 0.000000000000966
581.000000000000000 23.138323545455933 0.000000000000966
582.000000000000000 23.176325559616089 0.000000000000966
583.000000000000000 23.208327531814575 0.000000000000966
584.000000000000000 23.244329690933228 0.000000000000966
585.000000000000000 23.283331871032715 0.000000000000966
586.000000000000000 23.331334590911865 0.000000000000966
587.000000000000000 23.365336418151855 0.000000000000966
588.000000000000000 23.406338691711426 0.000000000000966
589.000000000000000 23.448341131210327 0.000000000000966
590.000000000000000 23.489343643188477 0.000000000000966
591.000000000000000 23.528345823287964 0.000000000000966
592.000000000000000 23.561347723007202 0.000000000000966
593.000000000000000 23.597349882125854 0.000000000000966
594.000000000000000 23.637351989746094 0.000000000000966
595.000000000000000 23.681354522705078 0.000000000000966
596.000000000000000 23.718356609344482 0.000000000000966
597.000000000000000 23.757358789443970 0.000000000000966
598.000000000000000 23.794360876083374 0.000000000000966
599.000000000000000 23.834363222122192 0.000000000000966
600.000000000000000 23.873365640640259 0.000000000000966
601.000000000000000 23.910367727279663 0.000000000000966
602.000000000000000 23.953370094299316 0.000000000000966
603.000000000000000 23.996372461318970 0.000000000000966
604.000000000000000 24.038374900817871 0.000000000000966
605.000000000000000 24.070376873016357 0.000000000000966
606.000000000000000 24.110378980636597 0.000000000000966
607.000000000000000 24.151381492614746 0.000000000000966
608.000000000000000 24.192383766174316 0.000000000000966
609.000000000000000 24.236386299133301 0.000000000000966
610.000000000000000 24.271388292312622 0.000000000000966
611.000000000000000 24.310390472412109 0.000000000000966
612.000000000000000 24.350392818450928 0.000000000000966
613.000000000000000 24.388395071029663 0.000000000000966
614.000000000000000 24.427397251129150 0.000000000000966
615.000000000000000 24.470399618148804 0.000000000000966
616.000000000000000 24.511402130126953 0.000000000000966
617.000000000000000 24.553404569625854 0.000000000000966
618.000000000000000 24.594406843185425 0.000000000000966
619.000000000000000 24.627408742904663 0.000000000000966
620.000000000000000 24.665410757064819 0.000000000000966
621.000000000000000 24.707413196563721 0.000000000000966
622.000000000000000 24.748415470123291 0.000000000000966
623.000000000000000 24.787417888641357 0.000000000000966
624.000000000000000 24.822419881820679 0.000000000000966
625.000000000000000 24.858421802520752 0.000000000000966
626.000000000000000 24.892423868179321 0.000000000000966
627.000000000000000 24.927425861358643 0.000000000000966
628.000000000000000 24.966428041458130 0.000000000000966
629.000000000000000 25.002429962158203 0.000000000000966
630.000000000000000 25.035431861877441 0.000000000000966
631.000000000000000 25.066433668136597 0.000000000000966
632.000000000000000 25.104435920715332 0.000000000000966
633.000000000000000 25.137437820434570 0.000000000000966
634.000000000000000 25.176440000534058 0.000000000000966
635.000000000000000 25.208441972732544 0.000000000000966
636.000000000000000 25.238443613052368 0.000000000000966
637.000000000000000 25.267445325851440 0.000000000000966
638.000000000000000 25.301447153091431 0.000000000000966
639.000000000000000 25.340449571609497 0.000000000000966
640.000000000000000 25.380451679229736 0.000000000000966
641.000000000000000 25.417453765869141 0.000000000000966
642.000000000000000 25.455456018447876 0.000000000000966
643.000000000000000 25.491458177566528 0.000000000000966
644.000000000000000 25.533460378646851 0.000000000000966
645.000000000000000 25.571462631225586 0.000000000000966
646.000000000000000 25.609464883804321 0.000000000000966
647.000000000000000 25.650467157363892 0.000000000000966
648.000000000000000 25.690469503402710 0.000000000000966
649.000000000000000 25.730471849441528 0.000000000000966
650.000000000000000 25.756473302841187 0.000000000000966
651.000000000000000 25.793475389480591 0.000000000000966
652.000000000000000 25.831477642059326 0.000000000000966
653.000000000000000 25.873480081558228 0.000000000000966
654.000000000000000 25.912482261657715 0.000000000000966
655.000000000000000 25.951484441757202 0.000000000000966
656.000000000000000 25.989486455917358 0.000000000000966
657.000000000000000 26.029488801956177 0.000000000000966
658.000000000000000 26.072491168975830 0.000000000000966
659.000000000000000 26.110493421554565 0.000000000000966
660.000000000000000 26.150495767593384 0.000000000000966
661.000000000000000 26.190498113632202 0.000000000000966
662.000000000000000 26.229500293731689 0.000000000000966
663.000000000000000 26.269502639770508 0.000000000000966
664.000000000000000 26.312505006790161 0.000000000000966
665.000000000000000 26.350507259368896 0.000000000000966
666.000000000000000 26.387509346008301 0.000000000000966
667.000000000000000 26.426511526107788 0.000000000000966
668.000000000000000 26.463513612747192 0.000000000000966
669.000000000000000 26.504516124725342 0.000000000000966
670.000000000000000 26.544518232345581 0.000000000000966
671.000000000000000 26.583520650863647 0.000000000000966
672.000000000000000 26.622522830963135 0.000000000000966
673.000000000000000 26.662525177001953 0.000000000000966
674.000000000000000 26.702527284622192 0.000000000000966
675.000000000000000 26.743529558181763 0.000000000000966
676.000000000000000 26.786532163619995 0.000000000000966
677.000000000000000 26.825534343719482 0.000000000000966
678.000000000000000 26.863536596298218 0.000000000000966
679.000000000000000 26.901538848876953 0.000000000000966
680.000000000000000 26.941540956497192 0.000000000000966
681.000000000000000 26.981543302536011 0.000000000000966
682.000000000000000 27.023545742034912 0.000000000000966
683.000000000000000 27.062547922134399 0.000000000000966
684.000000000000000 27.102550268173218 0.000000000000966
685.000000000000000 27.139552354812622 0.000000000000966
686.000000000000000 27.177554368972778 0.000000000000966
687.000000000000000 27.211556434631348 0.000000000000966
688.000000000000000 27.241558074951172 0.000000000000966
689.000000000000000 27.269559860229492 0.000000000000966
690.000000000000000 27.299561500549316 0.000000000000966
691.000000000000000 27.326563119888306 0.000000000000966
692.000000000000000 27.357564687728882 0.000000000000966
693.000000000000000 27.388566493988037 0.000000000000966
694.000000000000000 27.416568279266357 0.000000000000966
695.000000000000000 27.444569826126099 0.000000000000966
696.000000000000000 27.475571632385254 0.000000000000966
697.000000000000000 27.513573884963989 0.000000000000966
698.000000000000000 27.551575899124146 0.000000000000966
699.000000000000000 27.589578151702881 0.000000000000966
700.000000000000000 27.625580072402954 0.000000000000966
701.000000000000000 27.660582065582275 0.000000000000966
702.000000000000000 27.697584390640259 0.000000000000966
703.000000000000000 27.739586591720581 0.000000000000966
704.000000000000000 27.776588678359985 0.000000000000966
705.000000000000000 27.818591117858887 0.000000000000966
706.000000000000000 27.859593629837036 0.000000000000966
707.000000000000000 27.896595716476440 0.000000000000966
708.000000000000000 27.936598062515259 0.000000000000966
709.000000000000000 27.976600170135498 0.000000000000966
710.000000000000000 28.010602235794067 0.000000000000966
711.000000000000000 28.046604156494141 0.000000000000966
712.000000000000000 28.076606035232544 0.000000000000966
713.000000000000000 28.108607769012451 0.000000000000966
714.000000000000000 28.144609928131104 0.000000000000966
715.000000000000000 28.177611589431763 0.000000000000966
716.000000000000000 28.213613748550415 0.000000000000966
717.000000000000000 28.251616001129150 0.000000000000966
718.000000000000000 28.288618087768555 0.000000000000966
719.000000000000000 28.323620080947876 0.000000000000966
720.000000000000000 28.360622167587280 0.000000000000966
721.000000000000000 28.399624347686768 0.000000000000966
722.000000000000000 28.439626693725586 0.000000000000966
723.000000000000000 28.480628967285156 0.000000000000966
724.000000000000000 28.523631572723389 0.000000000000966
725.000000000000000 28.562633752822876 0.000000000000966
726.000000000000000 28.604636192321777 0.000000000000966
727.000000000000000 28.648638725280762 0.000000000000966
728.000000000000000 28.686640977859497 0.000000000000966
729.000000000000000 28.726643085479736 0.000000000000966
730.000000000000000 28.765645265579224 0.000000000000966
731.000000000000000 28.805647611618042 0.000000000000966
732.000000000000000 28.845649957656860 0.000000000000966
733.000000000000000 28.884652137756348 0.000000000000966
734.000000000000000 28.926654577255249 0.000000000000966
735.000000000000000 28.964656829833984 0.000000000000966
736.000000000000000 29.004659175872803 0.000000000000966
737.000000000000000 29.047661542892456 0.000000000000966
738.000000000000000 29.086663722991943 0.000000000000966
739.000000000000000 29.127665996551514 0.000000000000966
740.000000000000000 29.169668436050415 0.000000000000966
741.000000000000000 29.208670616149902 0.000000000000966
742.000000000000000 29.249673128128052 0.000000000000966
743.000000000000000 29.288675308227539 0.000000000000966
744.000000000000000 29.327677488327026 0.000000000000966
745.000000000000000 29.369679927825928 0.000000000000966
746.000000000000000 29.407682180404663 0.000000000000966
747.000000000000000 29.448684453964233 0.000000000000966
748.000000000000000 29.488686561584473 0.000000000000966
749.000000000000000 29.528688907623291 0.000000000000966
750.000000000000000 29.567691326141357 0.000000000000966
751.000000000000000 29.604693412780762 0.000000000000966
752.000000000000000 29.642695426940918 0.000000000000966
753.000000000000000 29.682697772979736 0.000000000000966
754.000000000000000 29.720700025558472 0.000000000000966
755.000000000000000 29.760702371597290 0.000000000000966
756.000000000000000 29.800704479217529 0.000000000000966
757.000000000000000 29.840706825256348 0.000000000000966
758.000000000000000 29.877708911895752 0.000000000000966
759.000000000000000 29.913711071014404 0.000000000000966
760.000000000000000 29.952713251113892 0.000000000000966
761.000000000000000 29.991715431213379 0.000000000000966
762.000000000000000 30.027717590332031 0.000000000000966
763.000000000000000 30.067719936370850 0.000000000000966
764.000000000000000 30.105721950531006 0.000000000000966
765.000000000000000 30.143724203109741 0.000000000000966
766.000000000000000 30.183726549148560 0.000000000000966
767.000000000000000 30.225728988647461 0.000000000000966
768.000000000000000 30.263731002807617 0.000000000000966
769.000000000000000 30.298732995986938 0.000000000000966
770.000000000000000 30.330734968185425 0.000000000000966
771.000000000000000 30.369737148284912 0.000000000000966
772.000000000000000 30.403738975524902 0.000000000000966
773.000000000000000 30.441741228103638 0.000000000000966
774.000000000000000 30.480743408203125 0.000000000000966
775.000000000000000 30.517745494842529 0.000000000000966
776.000000000000000 30.556747674942017 0.000000000000966
777.000000000000000 30.594749927520752 0.000000000000966
778.000000000000000 30.630752086639404 0.000000000000966
779.000000000000000 30.668754100799561 0.000000000000966
780.000000000000000 30.704756259918213 0.000000000000966
781.000000000000000 30.743758440017700 0.000000000000966
782.000000000000000 30.773760080337524 0.000000000000966
783.000000000000000 30.807762145996094 0.000000000000966
784.000000000000000 30.836763858795166 0.000000000000966
785.000000000000000 30.874765872955322 0.000000000000966
786.000000000000000 30.909767866134644 0.000000000000966
787.000000000000000 30.944769859313965 0.000000000000966
788.000000000000000 30.982772111892700 0.000000000000966
789.000000000000000 31.025774717330933 0.000000000000966
790.000000000000000 31.067777156829834 0.000000000000966
791.000000000000000 31.106779336929321 0.000000000000966
792.000000000000000 31.137781143188477 0.000000000000966
793.000000000000000 31.177783250808716 0.000000000000966
794.000000000000000 31.214785575866699 0.000000000000966
795.000000000000000 31.253787755966187 0.000000000000966
796.000000000000000 31.290789842605591 0.000000000000966
797.000000000000000 31.319791555404663 0.000000000000966
798.000000000000000 31.354793548583984 0.000000000000966
799.000000000000000 31.383795022964478 0.000000000000966
800.000000000000000 31.413796663284302 0.000000000000966
801.000000000000000 31.455799102783203 0.000000000000966
802.000000000000000 31.497801780700684 0.000000000000966
803.000000000000000 31.536803960800171 0.000000000000966
804.000000000000000 31.576806068420410 0.000000000000966
805.000000000000000 31.615808486938477 0.000000000000966
806.000000000000000 31.655810594558716 0.000000000000966
807.000000000000000 31.696812868118286 0.000000000000966
808.000000000000000 31.730814933776855 0.000000000000966
809.000000000000000 31.762816667556763 0.000000000000966
810.000000000000000 31.793818473815918 0.000000000000966
811.000000000000000 31.822820186614990 0.000000000000966
812.000000000000000 31.856822252273560 0.000000000000966
813.000000000000000 31.888823986053467 0.000000000000966
814.000000000000000 31.923825979232788 0.000000000000966
815.000000000000000 31.956827878952026 0.000000000000966
816.000000000000000 31.987829685211182 0.000000000000966
817.000000000000000 32.020831584930420 0.000000000000966
818.000000000000000 32.056833505630493 0.000000000000966
819.000000000000000 32.088835477828979 0.000000000000966
820.000000000000000 32.127837657928467 0.000000000000966
821.000000000000000 32.163839578628540 0.000000000000966
822.000000000000000 32.200841903686523 0.000000000000966
823.000000000000000 32.238843917846680 0.000000000000966
824.000000000000000 32.276846170425415 0.000000000000966
825.000000000000000 32.313848257064819 0.000000000000966
826.000000000000000 32.352850675582886 0.000000000000966
827.000000000000000 32.388852596282959 0.000000000000966
828.000000000000000 32.422854661941528 0.000000000000966
829.000000000000000 32.459856748580933 0.000000000000966
830.000000000000000 32.492858648300171 0.000000000000966
831.000000000000000 32.530860662460327 0.000000000000966
832.000000000000000 32.560862541198730 0.000000000000966
833.000000000000000 32.590864181518555 0.000000000000966
834.000000000000000 32.632866621017456 0.000000000000966
835.000000000000000 32.672868967056274 0.000000000000966
836.000000000000000 32.707870960235596 0.000000000000966
837.000000000000000 32.749873161315918 0.000000000000966
838.000000000000000 32.793875694274902 0.000000000000966
839.000000000000000 32.834877967834473 0.000000000000966
840.000000000000000 32.880880832672119 0.000000000000966
841.000000000000000 32.922883272171021 0.000000000000966
842.000000000000000 32.959885358810425 0.000000000000966
843.000000000000000 32.995887279510498 0.000000000000966
844.000000000000000 33.032889366149902 0.000000000000966
845.000000000000000 33.074891805648804 0.000000000000966
846.000000000000000 33.112894058227539 0.000000000000966
847.000000000000000 33.151896238327026 0.000000000000966
848.000000000000000 33.193898677825928 0.000000000000966
849.000000000000000 33.235901117324829 0.000000000000966
850.000000000000000 33.278903484344482 0.000000000000966
851.000000000000000 33.319905757904053 0.000000000000966
852.000000000000000 33.361908197402954 0.000000000000966
853.000000000000000 33.399910449981689 0.000000000000966
854.000000000000000 33.434912443161011 0.000000000000966
855.000000000000000 33.472914457321167 0.000000000000966
856.000000000000000 33.513916969299316 0.000000000000966
857.000000000000000 33.550919055938721 0.000000000000966
858.000000000000000 33.588921308517456 0.000000000000966
859.000000000000000 33.628923416137695 0.000000000000966
860.000000000000000 33.671926021575928 0.000000000000966
861.000000000000000 33.714928388595581 0.000000000000966
862.000000000000000 33.757930755615234 0.000000000000966
863.000000000000000 33.798933267593384 0.000000000000966
864.000000000000000 33.839935541152954 0.000000000000966
865.000000000000000 33.878937721252441 0.000000000000966
866.000000000000000 33.917940139770508 0.000000000000966
867.000000000000000 33.957942485809326 0.000000000000966
868.000000000000000 33.997944593429565 0.000000000000966
869.000000000000000 34.039947032928467 0.000000000000966
870.000000000000000 34.074949026107788 0.000000000000966
871.000000000000000 34.112951278686523 0.000000000000966
872.000000000000000 34.150953292846680 0.000000000000966
873.000000000000000 34.188955545425415 0.000000000000966
874.000000000000000 34.228957891464233 0.000000000000966
875.000000000000000 34.268960237503052 0.000000000000966
876.000000000000000 34.309962511062622 0.000000000000966
877.000000000000000 34.347964763641357 0.000000000000966
878.000000000000000 34.384966850280762 0.000000000000966
879.000000000000000 34.422968864440918 0.000000000000966
880.000000000000000 34.458971023559570 0.000000000000966
881.000000000000000 34.498973369598389 0.000000000000966
882.000000000000000 34.538975477218628 0.000000000000966
883.000000000000000 34.579977989196777 0.000000000000966
884.000000000000000 34.619980096817017 0.000000000000966
885.000000000000000 34.657982349395752 0.000000000000966
886.000000000000000 34.695984601974487 0.000000000000966
887.000000000000000 34.734986782073975 0.000000000000966
888.000000000000000 34.776989221572876 0.000000000000966
889.000000000000000 34.820991754531860 0.000000000000966
890.000000000000000 34.859993934631348 0.000000000000966
891.000000000000000 34.896996021270752 0.000000000000966
892.000000000000000 34.937998294830322 0.000000000000966
893.000000000000000 34.975000381469727 0.000000000000966
894.000000000000000 35.020003080368042 0.000000000000966
895.000000000000000 35.063005685806274 0.000000000000966
896.000000000000000 35.101007699966431 0.000000000000966
897.000000000000000 35.141010046005249 0.000000000000966
898.000000000000000 35.183012485504150 0.000000000000966
899.000000000000000 35.215014219284058 0.000000000000966
900.000000000000000 35.258016586303711 0.000000000000966
901.000000000000000 35.302019119262695 0.000000000000966
902.000000000000000 35.344021558761597 0.000000000000966
903.000000000000000 35.382023811340332 0.000000000000966
904.000000000000000 35.413025617599487 0.000000000000966
905.000000000000000 35.452027797698975 0.000000000000966
906.000000000000000 35.494030237197876 0.000000000000966
907.000000000000000 35.532032489776611 0.000000000000966
908.000000000000000 35.571034669876099 0.000000000000966
909.000000000000000 35.612036943435669 0.000000000000966
910.000000000000000 35.655039310455322 0.000000000000966
911.000000000000000 35.697041749954224 0.000000000000966
912.000000000000000 35.735044002532959 0.000000000000966
913.000000000000000 35.771046161651611 0.000000000000966
914.000000000000000 35.809048175811768 0.000000000000966
915.000000000000000 35.845050334930420 0.000000000000966
916.000000000000000 35.880052328109741 0.000000000000966
917.000000000000000 35.918054580688477 0.000000000000966
918.000000000000000 35.955056667327881 0.000000000000966
919.000000000000000 35.995058774948120 0.000000000000966
920.000000000000000 36.035061120986938 0.000000000000966
921.000000000000000 36.076063394546509 0.000000000000966
922.000000000000000 36.113065481185913 0.000000000000966
923.000000000000000 36.152067899703979 0.000000000000966
924.000000000000000 36.192070007324219 0.000000000000966
925.000000000000000 36.230072259902954 0.000000000000966
926.000000000000000 36.269074678421021 0.000000000000966
927.000000000000000 36.309076786041260 0.000000000000966
928.000000000000000 36.350079059600830 0.000000000000966
929.000000000000000 36.388081312179565 0.000000000000966
930.000000000000000 36.421083211898804 0.000000000000966
931.000000000000000 36.458085298538208 0.000000000000966
932.000000000000000 36.498087644577026 0.000000000000966
933.000000000000000 36.535089731216431 0.000000000000966
934.000000000000000 36.578092098236084 0.000000000000966
935.000000000000000 36.611093997955322 0.000000000000966
936.000000000000000 36.647096157073975 0.000000000000966
937.000000000000000 36.688098430633545 0.000000000000966
938.000000000000000 36.724100589752197 0.000000000000966
939.000000000000000 36.766103029251099 0.000000000000966
940.000000000000000 36.809105396270752 0.000000000000966
941.000000000000000 36.853107929229736 0.000000000000966
942.000000000000000 36.895110368728638 0.000000000000966
943.000000000000000 36.938112735748291 0.000000000000966
944.000000000000000 36.977115154266357 0.000000000000966
945.000000000000000 37.019117355346680 0.000000000000966
946.000000000000000 37.059119701385498 0.000000000000966
947.000000000000000 37.098121881484985 0.000000000000966
948.000000000000000 37.133123874664307 0.000000000000966
949.000000000000000 37.171126127243042 0.000000000000966
950.000000000000000 37.210128307342529 0.000000000000966
951.000000000000000 37.249130487442017 0.000000000000966
952.000000000000000 37.286132574081421 0.000000000000966
953.000000000000000 37.326134920120239 0.000000000000966
954.000000000000000 37.365137100219727 0.000000000000966
955.000000000000000 37.401139259338379 0.000000000000966
956.000000000000000 37.441141605377197 0.000000000000966
957.000000000000000 37.482143878936768 0.000000000000966
958.000000000000000 37.525146484375000 0.000000000000966
959.000000000000000 37.563148498535156 0.000000000000966
960.000000000000000 37.600150585174561 0.000000000000966
961.000000000000000 37.635152578353882 0.000000000000966
962.000000000000000 37.672154664993286 0.000000000000966
963.000000000000000 37.713157176971436 0.000000000000966
964.000000000000000 37.754159450531006 0.000000000000966
965.000000000000000 37.793161630630493 0.000000000000966
966.000000000000000 37.833163976669312 0.000000000000966
967.000000000000000 37.873166322708130 0.000000000000966
968.000000000000000 37.915168762207031 0.000000000000966
969.000000000000000 37.953170776367188 0.000000000000966
970.000000000000000 37.994173288345337 0.000000000000966
971.000000000000000 38.031175374984741 0.000000000000966
972.000000000000000 38.071177482604980 0.000000000000966
973.000000000000000 38.112179994583130 0.000000000000966
974.000000000000000 38.155182361602783 0.000000000000966
975.000000000000000 38.195184707641602 0.000000000000966
976.000000000000000 38.233186960220337 0.000000000000966
977.000000000000000 38.271188974380493 0.000000000000966
978.000000000000000 38.311191320419312 0.000000000000966
979.000000000000000 38.354193687438965 0.000000000000966
980.000000000000000 38.391195774078369 0.000000000000966
981.000000000000000 38.430198192596436 0.000000000000966
982.000000000000000 38.469200372695923 0.000000000000966
983.000000000000000 38.507202625274658 0.000000000000966
984.000000000000000 38.546204805374146 0.000000000000966
985.000000000000000 38.589207172393799 0.000000000000966
986.000000000000000 38.631209611892700 0.000000000000966
987.000000000000000 38.671211957931519 0.000000000000966
988.000000000000000 38.711214065551758 0.000000000000966
989.000000000000000 38.748216390609741 0.000000000000966
990.000000000000000 38.788218498229980 0.000000000000966
991.000000000000000 38.830220937728882 0.000000000000966
992.000000000000000 38.874223470687866 0.000000000000966
993.000000000000000 38.914225816726685 0.000000000000966
994.000000000000000 38.953227996826172 0.000000000000966
995.000000000000000 38.992230176925659 0.000000000000966
996.000000000000000 39.030232429504395 0.000000000000966
997.000000000000000 39.065234422683716 0.000000000000966
998.000000000000000 39.104236602783203 0.000000000000966
999.000000000000000 39.141238689422607 0.000000000000966
