step_dt,time_dt,train_loss_dt
0.000000000000000 0.000000000000000 46.000000000000000
0.000000000000000 0.154008865356445 28.280002593994141
1.000000000000000 0.156008958816528 19.357603073120117
2.000000000000000 0.158009052276611 14.640984535217285
3.000000000000000 0.160009145736694 11.956096649169922
4.000000000000000 0.162009239196777 10.271125793457031
5.000000000000000 0.164009332656860 9.094429016113281
6.000000000000000 0.166009426116943 8.190141677856445
7.000000000000000 0.168009519577026 7.443745136260986
8.000000000000000 0.170009613037109 6.798470973968506
9.000000000000000 0.172009706497192 6.225141525268555
10.000000000000000 0.174009799957275 5.707899093627930
11.000000000000000 0.176010131835938 5.237372398376465
12.000000000000000 0.178010225296021 4.807447910308838
13.000000000000000 0.180010318756104 4.413700103759766
14.000000000000000 0.182010412216187 4.052634239196777
15.000000000000000 0.184010505676270 3.721319675445557
16.000000000000000 0.186010599136353 3.417197227478027
17.000000000000000 0.189010858535767 3.137979269027710
18.000000000000000 0.191010951995850 2.881605625152588
19.000000000000000 0.193011045455933 2.646191835403442
20.000000000000000 0.195011138916016 2.430014610290527
21.000000000000000 0.197011232376099 2.231503009796143
22.000000000000000 0.199011325836182 2.049208164215088
23.000000000000000 0.201011419296265 1.881808757781982
24.000000000000000 0.204011678695679 1.728083372116089
25.000000000000000 0.205011606216431 1.586915969848633
26.000000000000000 0.207011699676514 1.457280993461609
27.000000000000000 0.208011865615845 1.338236570358276
28.000000000000000 0.210011959075928 1.228915572166443
29.000000000000000 0.211012125015259 1.128526449203491
30.000000000000000 0.213012218475342 1.036338567733765
31.000000000000000 0.214012145996094 0.951679944992065
32.000000000000000 0.216012239456177 0.873937189579010
33.000000000000000 0.218012332916260 0.802545547485352
34.000000000000000 0.219012498855591 0.736985564231873
35.000000000000000 0.221012592315674 0.676781177520752
36.000000000000000 0.223012685775757 0.621495544910431
37.000000000000000 0.224012851715088 0.570725679397583
38.000000000000000 0.226012945175171 0.524103403091431
39.000000000000000 0.227013111114502 0.481289744377136
40.000000000000000 0.229013204574585 0.441972881555557
41.000000000000000 0.231013298034668 0.405868232250214
42.000000000000000 0.232013225555420 0.372713297605515
43.000000000000000 0.234013319015503 0.342266738414764
44.000000000000000 0.236013412475586 0.314307004213333
45.000000000000000 0.238013505935669 0.288631319999695
46.000000000000000 0.239013671875000 0.265052974224091
47.000000000000000 0.241013765335083 0.243401214480400
48.000000000000000 0.243013858795166 0.223517149686813
49.000000000000000 0.245013952255249 0.205258548259735
50.000000000000000 0.247014045715332 0.188490405678749
51.000000000000000 0.249014139175415 0.173092931509018
52.000000000000000 0.251014232635498 0.158953160047531
53.000000000000000 0.253014326095581 0.145968124270439
54.000000000000000 0.255014657974243 0.134044498205185
55.000000000000000 0.257014751434326 0.123093992471695
56.000000000000000 0.259014844894409 0.113038450479507
57.000000000000000 0.261014938354492 0.103804633021355
58.000000000000000 0.263015031814575 0.095324739813805
59.000000000000000 0.265015125274658 0.087537460029125
60.000000000000000 0.267015218734741 0.080386877059937
61.000000000000000 0.270015478134155 0.073819942772388
62.000000000000000 0.271015405654907 0.067789867520332
63.000000000000000 0.273015499114990 0.062251925468445
64.000000000000000 0.275015830993652 0.057166747748852
65.000000000000000 0.277015924453735 0.052496626973152
66.000000000000000 0.279016017913818 0.048208307474852
67.000000000000000 0.281016111373901 0.044270053505898
68.000000000000000 0.282016038894653 0.040653683245182
69.000000000000000 0.285016298294067 0.037332940846682
70.000000000000000 0.286016225814819 0.034283250570297
71.000000000000000 0.288016319274902 0.031482391059399
72.000000000000000 0.289016485214233 0.028910811990499
73.000000000000000 0.291016578674316 0.026549015194178
74.000000000000000 0.292016744613647 0.024380236864090
75.000000000000000 0.294016838073730 0.022388631477952
76.000000000000000 0.296016931533813 0.020559733733535
77.000000000000000 0.298017024993896 0.018880145624280
78.000000000000000 0.300017118453979 0.017337821424007
79.000000000000000 0.301017284393311 0.015921585261822
80.000000000000000 0.303017377853394 0.014620970003307
81.000000000000000 0.305017471313477 0.013426516205072
82.000000000000000 0.307017564773560 0.012329697608948
83.000000000000000 0.310017824172974 0.011322565376759
84.000000000000000 0.312017917633057 0.010397629812360
85.000000000000000 0.314018011093140 0.009548149071634
86.000000000000000 0.316018104553223 0.008768230676651
87.000000000000000 0.318018198013306 0.008051898330450
88.000000000000000 0.319018125534058 0.007394195534289
89.000000000000000 0.321018218994141 0.006790213286877
90.000000000000000 0.322018384933472 0.006235505919904
91.000000000000000 0.323018312454224 0.005726108793169
92.000000000000000 0.325018644332886 0.005258353427052
93.000000000000000 0.326018571853638 0.004828788340092
94.000000000000000 0.328018665313721 0.004434333648533
95.000000000000000 0.329018831253052 0.004072118084878
96.000000000000000 0.330018758773804 0.003739400766790
97.000000000000000 0.332019090652466 0.003433957463130
98.000000000000000 0.333019018173218 0.003153507132083
99.000000000000000 0.335019111633301 0.002895858837292
100.000000000000000 0.336019277572632 0.002659324789420
101.000000000000000 0.338019371032715 0.002442104974762
102.000000000000000 0.339019298553467 0.002242594957352
103.000000000000000 0.341019630432129 0.002059402642772
104.000000000000000 0.343019723892212 0.001891138264909
105.000000000000000 0.345019817352295 0.001736650010571
106.000000000000000 0.347019910812378 0.001594782574102
107.000000000000000 0.349020004272461 0.001464522443712
108.000000000000000 0.351020097732544 0.001344854361378
109.000000000000000 0.353020191192627 0.001235013711266
110.000000000000000 0.355020284652710 0.001134141813964
111.000000000000000 0.357020378112793 0.001041487092152
112.000000000000000 0.359020471572876 0.000956445350312
113.000000000000000 0.361020565032959 0.000878280843608
114.000000000000000 0.362020730972290 0.000806520169135
115.000000000000000 0.364020824432373 0.000740662333556
116.000000000000000 0.367021083831787 0.000680144119542
117.000000000000000 0.369021177291870 0.000624570704531
118.000000000000000 0.371021270751953 0.000573557394091
119.000000000000000 0.373021364212036 0.000526700110640
120.000000000000000 0.375021457672119 0.000483680749312
121.000000000000000 0.377021551132202 0.000444159726612
122.000000000000000 0.379021644592285 0.000407899089623
123.000000000000000 0.381021738052368 0.000374552269932
124.000000000000000 0.383021831512451 0.000343983148923
125.000000000000000 0.385021924972534 0.000315878598485
126.000000000000000 0.386022090911865 0.000290071242489
127.000000000000000 0.388022184371948 0.000266376999207
128.000000000000000 0.390022277832031 0.000244616036071
129.000000000000000 0.392022371292114 0.000224623363465
130.000000000000000 0.393022537231445 0.000206287440960
131.000000000000000 0.395022630691528 0.000189433791093
132.000000000000000 0.397022724151611 0.000173955122591
133.000000000000000 0.398022651672363 0.000159739691298
134.000000000000000 0.400022983551025 0.000146691338159
135.000000000000000 0.401022911071777 0.000134712521685
136.000000000000000 0.403023004531860 0.000123711099150
137.000000000000000 0.405023097991943 0.000113598158350
138.000000000000000 0.406023263931274 0.000104319100501
139.000000000000000 0.408023357391357 0.000095805204182
140.000000000000000 0.410023450851440 0.000087971566245
141.000000000000000 0.412023544311523 0.000080784971942
142.000000000000000 0.415023803710938 0.000074192183092
143.000000000000000 0.417023897171021 0.000068125489634
144.000000000000000 0.419023990631104 0.000062562117819
145.000000000000000 0.421024084091187 0.000057450266468
146.000000000000000 0.423024177551270 0.000052756462537
147.000000000000000 0.424024105072021 0.000048447589506
148.000000000000000 0.425024271011353 0.000044487696869
149.000000000000000 0.427024364471436 0.000040857303247
150.000000000000000 0.428024530410767 0.000037517595047
151.000000000000000 0.430024623870850 0.000034454762499
152.000000000000000 0.432024717330933 0.000031638788641
153.000000000000000 0.434024810791016 0.000029050159355
154.000000000000000 0.435024976730347 0.000026677618735
155.000000000000000 0.437025070190430 0.000024502423912
156.000000000000000 0.439025163650513 0.000022501582862
157.000000000000000 0.441025257110596 0.000020659757865
158.000000000000000 0.443025350570679 0.000018973638362
159.000000000000000 0.445025444030762 0.000017424217731
160.000000000000000 0.447025537490845 0.000015996682123
161.000000000000000 0.449025630950928 0.000014693589037
162.000000000000000 0.450025796890259 0.000013491960090
163.000000000000000 0.452025890350342 0.000012393404177
164.000000000000000 0.453025817871094 0.000011379984244
165.000000000000000 0.455025911331177 0.000010450821719
166.000000000000000 0.457026004791260 0.000009597197277
167.000000000000000 0.458026170730591 0.000008813066415
168.000000000000000 0.460026264190674 0.000008091723430
169.000000000000000 0.462026357650757 0.000007432678558
170.000000000000000 0.463026523590088 0.000006824222055
171.000000000000000 0.465026617050171 0.000006268320249
172.000000000000000 0.467026710510254 0.000005754893209
173.000000000000000 0.469026803970337 0.000005285435691
174.000000000000000 0.471026897430420 0.000004852796792
175.000000000000000 0.473026990890503 0.000004457501745
176.000000000000000 0.474027156829834 0.000004092311428
177.000000000000000 0.476027250289917 0.000003758034836
178.000000000000000 0.478027343750000 0.000003451491011
179.000000000000000 0.480027437210083 0.000003168798003
180.000000000000000 0.482027530670166 0.000002911601314
181.000000000000000 0.484027624130249 0.000002673360086
182.000000000000000 0.486027717590332 0.000002455253707
183.000000000000000 0.488027811050415 0.000002254157152
184.000000000000000 0.491028070449829 0.000002068478352
185.000000000000000 0.493028163909912 0.000001899960353
186.000000000000000 0.495028257369995 0.000001745639111
187.000000000000000 0.497028350830078 0.000001603501914
188.000000000000000 0.498028516769409 0.000001472611984
189.000000000000000 0.501028537750244 0.000001351952506
190.000000000000000 0.503028631210327 0.000001241938662
191.000000000000000 0.504028797149658 0.000001140497261
192.000000000000000 0.506028890609741 0.000001046669240
193.000000000000000 0.508028984069824 0.000000961275418
194.000000000000000 0.510029077529907 0.000000881835660
195.000000000000000 0.512029409408569 0.000000810747224
196.000000000000000 0.514029502868652 0.000000743846670
197.000000000000000 0.517029523849487 0.000000683581902
198.000000000000000 0.518029689788818 0.000000627157760
199.000000000000000 0.520029783248901 0.000000576234015
200.000000000000000 0.522029876708984 0.000000529548061
201.000000000000000 0.523029804229736 0.000000486077852
202.000000000000000 0.525030136108398 0.000000446452077
203.000000000000000 0.526030063629150 0.000000410183532
204.000000000000000 0.528030157089233 0.000000376418029
205.000000000000000 0.530030250549316 0.000000345907267
206.000000000000000 0.532030344009399 0.000000317049455
207.000000000000000 0.533030509948730 0.000000291416711
208.000000000000000 0.535030603408813 0.000000267604264
209.000000000000000 0.537030696868896 0.000000245814817
210.000000000000000 0.539030790328979 0.000000225700205
211.000000000000000 0.540030956268311 0.000000207275264
212.000000000000000 0.542031049728394 0.000000190583023
213.000000000000000 0.544031143188477 0.000000174965464
214.000000000000000 0.546031236648560 0.000000160689979
215.000000000000000 0.548031330108643 0.000000147570290
216.000000000000000 0.550031423568726 0.000000135391076
217.000000000000000 0.551031589508057 0.000000124380279
218.000000000000000 0.553031682968140 0.000000114503166
219.000000000000000 0.554031610488892 0.000000104892933
220.000000000000000 0.556031703948975 0.000000096301846
221.000000000000000 0.558032035827637 0.000000088620766
222.000000000000000 0.560032129287720 0.000000081301607
223.000000000000000 0.562032222747803 0.000000074471700
224.000000000000000 0.564032316207886 0.000000068548843
225.000000000000000 0.566032409667969 0.000000063169182
226.000000000000000 0.568032503128052 0.000000057854379
227.000000000000000 0.570032596588135 0.000000053092663
228.000000000000000 0.571032524108887 0.000000048764605
229.000000000000000 0.573032617568970 0.000000044673527
230.000000000000000 0.575032949447632 0.000000041240355
231.000000000000000 0.577033042907715 0.000000037839754
232.000000000000000 0.579033136367798 0.000000034732238
233.000000000000000 0.581033229827881 0.000000031827994
234.000000000000000 0.582033395767212 0.000000029228488
235.000000000000000 0.584033489227295 0.000000026843793
236.000000000000000 0.585033416748047 0.000000024560961
237.000000000000000 0.588033676147461 0.000000022676488
238.000000000000000 0.590033769607544 0.000000020803327
239.000000000000000 0.591033935546875 0.000000019134006
240.000000000000000 0.593034029006958 0.000000017672903
241.000000000000000 0.594033956527710 0.000000016206343
242.000000000000000 0.596034049987793 0.000000014742511
243.000000000000000 0.597034215927124 0.000000013629915
244.000000000000000 0.599034309387207 0.000000012593830
245.000000000000000 0.601034402847290 0.000000011471684
246.000000000000000 0.603034496307373 0.000000010559461
247.000000000000000 0.605034589767456 0.000000009723408
248.000000000000000 0.607034683227539 0.000000008911684
249.000000000000000 0.608034849166870 0.000000008170900
250.000000000000000 0.610034942626953 0.000000007561596
251.000000000000000 0.612035036087036 0.000000006944219
252.000000000000000 0.614035129547119 0.000000006343782
253.000000000000000 0.615035295486450 0.000000005798938
254.000000000000000 0.617035388946533 0.000000005431559
255.000000000000000 0.619035482406616 0.000000004965159
256.000000000000000 0.620035409927368 0.000000004502454
257.000000000000000 0.622035503387451 0.000000004164121
258.000000000000000 0.624035835266113 0.000000003777586
259.000000000000000 0.626035928726196 0.000000003521791
260.000000000000000 0.628036022186279 0.000000003264688
261.000000000000000 0.630036115646362 0.000000002945001
262.000000000000000 0.632036209106445 0.000000002705974
263.000000000000000 0.635036230087280 0.000000002447962
264.000000000000000 0.637036323547363 0.000000002315119
265.000000000000000 0.639036417007446 0.000000002103263
266.000000000000000 0.641036510467529 0.000000001928129
267.000000000000000 0.644036769866943 0.000000001744013
268.000000000000000 0.646036863327026 0.000000001596391
269.000000000000000 0.647037029266357 0.000000001484523
270.000000000000000 0.649037122726440 0.000000001371745
271.000000000000000 0.652037382125854 0.000000001268063
272.000000000000000 0.654037475585938 0.000000001135504
273.000000000000000 0.655037403106689 0.000000001077979
274.000000000000000 0.657037734985352 0.000000000986120
275.000000000000000 0.658037662506104 0.000000000910404
276.000000000000000 0.660037755966187 0.000000000826276
277.000000000000000 0.662037849426270 0.000000000761247
278.000000000000000 0.664037942886353 0.000000000696218
279.000000000000000 0.666038036346436 0.000000000608509
280.000000000000000 0.668038129806519 0.000000000568491
281.000000000000000 0.670038223266602 0.000000000532054
282.000000000000000 0.673038482666016 0.000000000493174
283.000000000000000 0.675038576126099 0.000000000453895
284.000000000000000 0.677038669586182 0.000000000432237
285.000000000000000 0.678038835525513 0.000000000372950
286.000000000000000 0.680038928985596 0.000000000357431
287.000000000000000 0.682039022445679 0.000000000352486
288.000000000000000 0.684039115905762 0.000000000299679
289.000000000000000 0.686039209365845 0.000000000282000
290.000000000000000 0.688039302825928 0.000000000264890
291.000000000000000 0.690039396286011 0.000000000248349
292.000000000000000 0.692039728164673 0.000000000216005
293.000000000000000 0.694039821624756 0.000000000201055
294.000000000000000 0.696039915084839 0.000000000186674
295.000000000000000 0.698040008544922 0.000000000172861
296.000000000000000 0.700040102005005 0.000000000155069
297.000000000000000 0.702040195465088 0.000000000146940
298.000000000000000 0.704040288925171 0.000000000126420
299.000000000000000 0.706040382385254 0.000000000129660
300.000000000000000 0.707040309906006 0.000000000107832
301.000000000000000 0.709040403366089 0.000000000107377
302.000000000000000 0.710040569305420 0.000000000093905
303.000000000000000 0.712040662765503 0.000000000082309
304.000000000000000 0.714040756225586 0.000000000073271
305.000000000000000 0.716040849685669 0.000000000070941
306.000000000000000 0.717041015625000 0.000000000064801
307.000000000000000 0.719041109085083 0.000000000062073
308.000000000000000 0.721041202545166 0.000000000056900
309.000000000000000 0.723041296005249 0.000000000056900
310.000000000000000 0.725041389465332 0.000000000054172
311.000000000000000 0.727041721343994 0.000000000042064
312.000000000000000 0.729041814804077 0.000000000042803
313.000000000000000 0.732041835784912 0.000000000031889
314.000000000000000 0.734041929244995 0.000000000031889
315.000000000000000 0.736042022705078 0.000000000031889
316.000000000000000 0.738042116165161 0.000000000030980
317.000000000000000 0.741042375564575 0.000000000030013
318.000000000000000 0.743042469024658 0.000000000026603
319.000000000000000 0.745042562484741 0.000000000026603
320.000000000000000 0.747042655944824 0.000000000026603
321.000000000000000 0.749042749404907 0.000000000025693
322.000000000000000 0.751042842864990 0.000000000021885
323.000000000000000 0.753042936325073 0.000000000018701
324.000000000000000 0.755043268203735 0.000000000017792
325.000000000000000 0.757043361663818 0.000000000017280
326.000000000000000 0.759043455123901 0.000000000017280
327.000000000000000 0.760043382644653 0.000000000014779
328.000000000000000 0.762043714523315 0.000000000014779
329.000000000000000 0.763043642044067 0.000000000014779
330.000000000000000 0.765043735504150 0.000000000013870
331.000000000000000 0.766043901443481 0.000000000013870
332.000000000000000 0.767043828964233 0.000000000013870
333.000000000000000 0.769043922424316 0.000000000013870
334.000000000000000 0.771044015884399 0.000000000013870
335.000000000000000 0.773044109344482 0.000000000011823
336.000000000000000 0.775044202804565 0.000000000011823
337.000000000000000 0.777044534683228 0.000000000011823
338.000000000000000 0.779044628143311 0.000000000011823
339.000000000000000 0.781044721603394 0.000000000012733
340.000000000000000 0.783044815063477 0.000000000011426
341.000000000000000 0.785044908523560 0.000000000007731
342.000000000000000 0.787045001983643 0.000000000007731
343.000000000000000 0.789045095443726 0.000000000007731
344.000000000000000 0.792045354843140 0.000000000007731
345.000000000000000 0.794045448303223 0.000000000007731
346.000000000000000 0.796045541763306 0.000000000007731
347.000000000000000 0.798045635223389 0.000000000007731
348.000000000000000 0.800045728683472 0.000000000007731
349.000000000000000 0.802045822143555 0.000000000007731
350.000000000000000 0.803045988082886 0.000000000007731
351.000000000000000 0.805046081542969 0.000000000007731
352.000000000000000 0.806046009063721 0.000000000007731
353.000000000000000 0.808046102523804 0.000000000007731
354.000000000000000 0.811046361923218 0.000000000007731
355.000000000000000 0.813046455383301 0.000000000007731
356.000000000000000 0.815046548843384 0.000000000007731
357.000000000000000 0.817046642303467 0.000000000007731
358.000000000000000 0.819046735763550 0.000000000007731
359.000000000000000 0.821046829223633 0.000000000007731
360.000000000000000 0.823046922683716 0.000000000007731
361.000000000000000 0.825047254562378 0.000000000007731
362.000000000000000 0.827047348022461 0.000000000007731
363.000000000000000 0.829047441482544 0.000000000007731
364.000000000000000 0.831047534942627 0.000000000007731
365.000000000000000 0.833047628402710 0.000000000007731
366.000000000000000 0.834047794342041 0.000000000007731
367.000000000000000 0.836047887802124 0.000000000007731
368.000000000000000 0.838047981262207 0.000000000007731
369.000000000000000 0.839047908782959 0.000000000007731
370.000000000000000 0.842048168182373 0.000000000007731
371.000000000000000 0.844048261642456 0.000000000007731
372.000000000000000 0.846048355102539 0.000000000007731
373.000000000000000 0.848048448562622 0.000000000007731
374.000000000000000 0.850048542022705 0.000000000007731
375.000000000000000 0.852048635482788 0.000000000007731
376.000000000000000 0.854048728942871 0.000000000007731
377.000000000000000 0.856048822402954 0.000000000007731
378.000000000000000 0.858049154281616 0.000000000007731
379.000000000000000 0.861049175262451 0.000000000007731
380.000000000000000 0.863049268722534 0.000000000007731
381.000000000000000 0.865049600601196 0.000000000007731
382.000000000000000 0.866049528121948 0.000000000007731
383.000000000000000 0.868049621582031 0.000000000007731
384.000000000000000 0.870049715042114 0.000000000007731
385.000000000000000 0.872049808502197 0.000000000007731
386.000000000000000 0.874049901962280 0.000000000007731
387.000000000000000 0.876050233840942 0.000000000007731
388.000000000000000 0.877050161361694 0.000000000007731
389.000000000000000 0.880050420761108 0.000000000007731
390.000000000000000 0.881050348281860 0.000000000007731
391.000000000000000 0.883050441741943 0.000000000007731
392.000000000000000 0.885050535202026 0.000000000007731
393.000000000000000 0.887050628662109 0.000000000007731
394.000000000000000 0.890050888061523 0.000000000007731
395.000000000000000 0.892050981521606 0.000000000007731
396.000000000000000 0.894051074981689 0.000000000007731
397.000000000000000 0.896051168441772 0.000000000007731
398.000000000000000 0.897051334381104 0.000000000007731
399.000000000000000 0.899051427841187 0.000000000007731
400.000000000000000 0.901051521301270 0.000000000007731
401.000000000000000 0.902051687240601 0.000000000007731
402.000000000000000 0.904051780700684 0.000000000007731
403.000000000000000 0.907051801681519 0.000000000007731
404.000000000000000 0.909052133560181 0.000000000007731
405.000000000000000 0.911052227020264 0.000000000007731
406.000000000000000 0.913052320480347 0.000000000007731
407.000000000000000 0.915052413940430 0.000000000007731
408.000000000000000 0.917052507400513 0.000000000007731
409.000000000000000 0.919052600860596 0.000000000007731
410.000000000000000 0.920052528381348 0.000000000007731
411.000000000000000 0.922052621841431 0.000000000007731
412.000000000000000 0.924052715301514 0.000000000007731
413.000000000000000 0.926052808761597 0.000000000007731
414.000000000000000 0.928053140640259 0.000000000007731
415.000000000000000 0.929053068161011 0.000000000007731
416.000000000000000 0.931053161621094 0.000000000007731
417.000000000000000 0.933053255081177 0.000000000007731
418.000000000000000 0.935053586959839 0.000000000007731
419.000000000000000 0.937053680419922 0.000000000007731
420.000000000000000 0.939053773880005 0.000000000007731
421.000000000000000 0.941053867340088 0.000000000007731
422.000000000000000 0.943053960800171 0.000000000007731
423.000000000000000 0.945054054260254 0.000000000007731
424.000000000000000 0.946054220199585 0.000000000007731
425.000000000000000 0.948054313659668 0.000000000007731
426.000000000000000 0.950054407119751 0.000000000007731
427.000000000000000 0.951054334640503 0.000000000007731
428.000000000000000 0.953054428100586 0.000000000007731
429.000000000000000 0.955054521560669 0.000000000007731
430.000000000000000 0.958054780960083 0.000000000007731
431.000000000000000 0.960054874420166 0.000000000007731
432.000000000000000 0.962054967880249 0.000000000007731
433.000000000000000 0.964055061340332 0.000000000007731
434.000000000000000 0.966055154800415 0.000000000007731
435.000000000000000 0.968055248260498 0.000000000007731
436.000000000000000 0.971055507659912 0.000000000007731
437.000000000000000 0.973055601119995 0.000000000007731
438.000000000000000 0.975055694580078 0.000000000007731
439.000000000000000 0.976055860519409 0.000000000007731
440.000000000000000 0.978055953979492 0.000000000007731
441.000000000000000 0.980056047439575 0.000000000007731
442.000000000000000 0.982056140899658 0.000000000007731
443.000000000000000 0.984056234359741 0.000000000007731
444.000000000000000 0.986056327819824 0.000000000007731
445.000000000000000 0.988056421279907 0.000000000007731
446.000000000000000 0.990056514739990 0.000000000007731
447.000000000000000 0.992056608200073 0.000000000007731
448.000000000000000 0.994056701660156 0.000000000007731
449.000000000000000 0.996057033538818 0.000000000007731
450.000000000000000 0.998057126998901 0.000000000007731
451.000000000000000 1.001057147979736 0.000000000007731
452.000000000000000 1.003057241439819 0.000000000007731
453.000000000000000 1.005057573318481 0.000000000007731
454.000000000000000 1.006057500839233 0.000000000007731
455.000000000000000 1.008057594299316 0.000000000007731
456.000000000000000 1.010057687759399 0.000000000007731
457.000000000000000 1.012058019638062 0.000000000007731
458.000000000000000 1.014058113098145 0.000000000007731
459.000000000000000 1.016058206558228 0.000000000007731
460.000000000000000 1.018058300018311 0.000000000007731
461.000000000000000 1.020058393478394 0.000000000007731
462.000000000000000 1.022058486938477 0.000000000007731
463.000000000000000 1.024058580398560 0.000000000007731
464.000000000000000 1.026058673858643 0.000000000007731
465.000000000000000 1.028058767318726 0.000000000007731
466.000000000000000 1.030058860778809 0.000000000007731
467.000000000000000 1.032058954238892 0.000000000007731
468.000000000000000 1.034059047698975 0.000000000007731
469.000000000000000 1.036059141159058 0.000000000007731
470.000000000000000 1.038059234619141 0.000000000007731
471.000000000000000 1.040059566497803 0.000000000007731
472.000000000000000 1.042059659957886 0.000000000007731
473.000000000000000 1.044059753417969 0.000000000007731
474.000000000000000 1.046059846878052 0.000000000007731
475.000000000000000 1.048059940338135 0.000000000007731
476.000000000000000 1.050060033798218 0.000000000007731
477.000000000000000 1.052060127258301 0.000000000007731
478.000000000000000 1.054060220718384 0.000000000007731
479.000000000000000 1.056060314178467 0.000000000007731
480.000000000000000 1.057060480117798 0.000000000007731
481.000000000000000 1.059060573577881 0.000000000007731
482.000000000000000 1.061060667037964 0.000000000007731
483.000000000000000 1.063060760498047 0.000000000007731
484.000000000000000 1.065060853958130 0.000000000007731
485.000000000000000 1.067060947418213 0.000000000007731
486.000000000000000 1.069061040878296 0.000000000007731
487.000000000000000 1.071061134338379 0.000000000007731
488.000000000000000 1.073061227798462 0.000000000007731
489.000000000000000 1.075061559677124 0.000000000007731
490.000000000000000 1.077061653137207 0.000000000007731
491.000000000000000 1.079061746597290 0.000000000007731
492.000000000000000 1.080061674118042 0.000000000007731
493.000000000000000 1.082062005996704 0.000000000007731
494.000000000000000 1.083061933517456 0.000000000007731
495.000000000000000 1.085062026977539 0.000000000007731
496.000000000000000 1.087062120437622 0.000000000007731
497.000000000000000 1.089062213897705 0.000000000007731
498.000000000000000 1.091062307357788 0.000000000007731
499.000000000000000 1.093062400817871 0.000000000007731
500.000000000000000 1.095062732696533 0.000000000007731
501.000000000000000 1.097062826156616 0.000000000007731
502.000000000000000 1.100062847137451 0.000000000007731
503.000000000000000 1.102062940597534 0.000000000007731
504.000000000000000 1.104063034057617 0.000000000007731
505.000000000000000 1.106063127517700 0.000000000007731
506.000000000000000 1.108063459396362 0.000000000007731
507.000000000000000 1.111063480377197 0.000000000007731
508.000000000000000 1.112063646316528 0.000000000007731
509.000000000000000 1.114063739776611 0.000000000007731
510.000000000000000 1.116063833236694 0.000000000007731
511.000000000000000 1.118063926696777 0.000000000007731
512.000000000000000 1.120064020156860 0.000000000007731
513.000000000000000 1.122064113616943 0.000000000007731
514.000000000000000 1.125064373016357 0.000000000007731
515.000000000000000 1.127064466476440 0.000000000007731
516.000000000000000 1.129064559936523 0.000000000007731
517.000000000000000 1.131064653396606 0.000000000007731
518.000000000000000 1.133064746856689 0.000000000007731
519.000000000000000 1.135064840316772 0.000000000007731
520.000000000000000 1.137064933776855 0.000000000007731
521.000000000000000 1.139065027236938 0.000000000007731
522.000000000000000 1.141065120697021 0.000000000007731
523.000000000000000 1.143065452575684 0.000000000007731
524.000000000000000 1.144065380096436 0.000000000007731
525.000000000000000 1.146065473556519 0.000000000007731
526.000000000000000 1.148065567016602 0.000000000007731
527.000000000000000 1.150065898895264 0.000000000007731
528.000000000000000 1.152065992355347 0.000000000007731
529.000000000000000 1.155066013336182 0.000000000007731
530.000000000000000 1.157066106796265 0.000000000007731
531.000000000000000 1.159066200256348 0.000000000007731
532.000000000000000 1.161066532135010 0.000000000007731
533.000000000000000 1.163066625595093 0.000000000007731
534.000000000000000 1.165066719055176 0.000000000007731
535.000000000000000 1.167066812515259 0.000000000007731
536.000000000000000 1.169066905975342 0.000000000007731
537.000000000000000 1.171066999435425 0.000000000007731
538.000000000000000 1.173067092895508 0.000000000007731
539.000000000000000 1.175067186355591 0.000000000007731
540.000000000000000 1.177067279815674 0.000000000007731
541.000000000000000 1.179067373275757 0.000000000007731
542.000000000000000 1.181067466735840 0.000000000007731
543.000000000000000 1.183067560195923 0.000000000007731
544.000000000000000 1.184067726135254 0.000000000007731
545.000000000000000 1.186067819595337 0.000000000007731
546.000000000000000 1.187067985534668 0.000000000007731
547.000000000000000 1.189068078994751 0.000000000007731
548.000000000000000 1.190068006515503 0.000000000007731
549.000000000000000 1.191068172454834 0.000000000007731
550.000000000000000 1.193068265914917 0.000000000007731
551.000000000000000 1.194068431854248 0.000000000007731
552.000000000000000 1.196068525314331 0.000000000007731
553.000000000000000 1.197068452835083 0.000000000007731
554.000000000000000 1.199068546295166 0.000000000007731
555.000000000000000 1.201068639755249 0.000000000007731
556.000000000000000 1.202068805694580 0.000000000007731
557.000000000000000 1.203068733215332 0.000000000007731
558.000000000000000 1.205068826675415 0.000000000007731
559.000000000000000 1.207068920135498 0.000000000007731
560.000000000000000 1.208069086074829 0.000000000007731
561.000000000000000 1.210069179534912 0.000000000007731
562.000000000000000 1.212069272994995 0.000000000007731
563.000000000000000 1.213069438934326 0.000000000007731
564.000000000000000 1.215069532394409 0.000000000007731
565.000000000000000 1.217069625854492 0.000000000007731
566.000000000000000 1.219069719314575 0.000000000007731
567.000000000000000 1.221069812774658 0.000000000007731
568.000000000000000 1.222069978713989 0.000000000007731
569.000000000000000 1.224070072174072 0.000000000007731
570.000000000000000 1.225069999694824 0.000000000007731
571.000000000000000 1.227070331573486 0.000000000007731
572.000000000000000 1.229070425033569 0.000000000007731
573.000000000000000 1.231070518493652 0.000000000007731
574.000000000000000 1.233070611953735 0.000000000007731
575.000000000000000 1.234070539474487 0.000000000007731
576.000000000000000 1.236070632934570 0.000000000007731
577.000000000000000 1.238070726394653 0.000000000007731
578.000000000000000 1.240070819854736 0.000000000007731
579.000000000000000 1.242070913314819 0.000000000007731
580.000000000000000 1.244071006774902 0.000000000007731
581.000000000000000 1.245071172714233 0.000000000007731
582.000000000000000 1.248071432113647 0.000000000007731
583.000000000000000 1.251071453094482 0.000000000007731
584.000000000000000 1.253071546554565 0.000000000007731
585.000000000000000 1.255071878433228 0.000000000007731
586.000000000000000 1.257071971893311 0.000000000007731
587.000000000000000 1.260071992874146 0.000000000007731
588.000000000000000 1.262072324752808 0.000000000007731
589.000000000000000 1.264072418212891 0.000000000007731
590.000000000000000 1.266072511672974 0.000000000007731
591.000000000000000 1.268072605133057 0.000000000007731
592.000000000000000 1.269072532653809 0.000000000007731
593.000000000000000 1.271072626113892 0.000000000007731
594.000000000000000 1.273072719573975 0.000000000007731
595.000000000000000 1.275072813034058 0.000000000007731
596.000000000000000 1.277072906494141 0.000000000007731
597.000000000000000 1.280073165893555 0.000000000007731
598.000000000000000 1.282073259353638 0.000000000007731
599.000000000000000 1.284073352813721 0.000000000007731
600.000000000000000 1.286073446273804 0.000000000007731
601.000000000000000 1.288073539733887 0.000000000007731
602.000000000000000 1.290073871612549 0.000000000007731
603.000000000000000 1.292073965072632 0.000000000007731
604.000000000000000 1.294074058532715 0.000000000007731
605.000000000000000 1.296074151992798 0.000000000007731
606.000000000000000 1.299074411392212 0.000000000007731
607.000000000000000 1.301074504852295 0.000000000007731
608.000000000000000 1.303074598312378 0.000000000007731
609.000000000000000 1.305074691772461 0.000000000007731
610.000000000000000 1.306074619293213 0.000000000007731
611.000000000000000 1.309074878692627 0.000000000007731
612.000000000000000 1.310074806213379 0.000000000007731
613.000000000000000 1.313075065612793 0.000000000007731
614.000000000000000 1.315075159072876 0.000000000007731
615.000000000000000 1.317075252532959 0.000000000007731
616.000000000000000 1.319075345993042 0.000000000007731
617.000000000000000 1.321075439453125 0.000000000007731
618.000000000000000 1.323075532913208 0.000000000007731
619.000000000000000 1.325075864791870 0.000000000007731
620.000000000000000 1.327075958251953 0.000000000007731
621.000000000000000 1.329076051712036 0.000000000007731
622.000000000000000 1.331076145172119 0.000000000007731
623.000000000000000 1.332076311111450 0.000000000007731
624.000000000000000 1.334076404571533 0.000000000007731
625.000000000000000 1.336076498031616 0.000000000007731
626.000000000000000 1.339076519012451 0.000000000007731
627.000000000000000 1.341076612472534 0.000000000007731
628.000000000000000 1.343076705932617 0.000000000007731
629.000000000000000 1.345076799392700 0.000000000007731
630.000000000000000 1.347077131271362 0.000000000007731
631.000000000000000 1.349077224731445 0.000000000007731
632.000000000000000 1.351077318191528 0.000000000007731
633.000000000000000 1.353077411651611 0.000000000007731
634.000000000000000 1.355077505111694 0.000000000007731
635.000000000000000 1.357077598571777 0.000000000007731
636.000000000000000 1.360077857971191 0.000000000007731
637.000000000000000 1.361077785491943 0.000000000007731
638.000000000000000 1.363077878952026 0.000000000007731
639.000000000000000 1.365078210830688 0.000000000007731
640.000000000000000 1.368078231811523 0.000000000007731
641.000000000000000 1.370078325271606 0.000000000007731
642.000000000000000 1.372078418731689 0.000000000007731
643.000000000000000 1.374078512191772 0.000000000007731
644.000000000000000 1.376078605651855 0.000000000007731
645.000000000000000 1.379078865051270 0.000000000007731
646.000000000000000 1.381078958511353 0.000000000007731
647.000000000000000 1.383079051971436 0.000000000007731
648.000000000000000 1.385079145431519 0.000000000007731
649.000000000000000 1.387079238891602 0.000000000007731
650.000000000000000 1.389079332351685 0.000000000007731
651.000000000000000 1.391079425811768 0.000000000007731
652.000000000000000 1.393079757690430 0.000000000007731
653.000000000000000 1.395079851150513 0.000000000007731
654.000000000000000 1.397079944610596 0.000000000007731
655.000000000000000 1.399080038070679 0.000000000007731
656.000000000000000 1.401080131530762 0.000000000007731
657.000000000000000 1.403080224990845 0.000000000007731
658.000000000000000 1.406080484390259 0.000000000007731
659.000000000000000 1.408080577850342 0.000000000007731
660.000000000000000 1.410080671310425 0.000000000007731
661.000000000000000 1.412080764770508 0.000000000007731
662.000000000000000 1.414080858230591 0.000000000007731
663.000000000000000 1.416080951690674 0.000000000007731
664.000000000000000 1.418081045150757 0.000000000007731
665.000000000000000 1.421081304550171 0.000000000007731
666.000000000000000 1.422081232070923 0.000000000007731
667.000000000000000 1.424081325531006 0.000000000007731
668.000000000000000 1.426081418991089 0.000000000007731
669.000000000000000 1.428081750869751 0.000000000007731
670.000000000000000 1.430081844329834 0.000000000007731
671.000000000000000 1.432081937789917 0.000000000007731
672.000000000000000 1.434082031250000 0.000000000007731
673.000000000000000 1.436082124710083 0.000000000007731
674.000000000000000 1.439082384109497 0.000000000007731
675.000000000000000 1.441082477569580 0.000000000007731
676.000000000000000 1.444082498550415 0.000000000007731
677.000000000000000 1.446082830429077 0.000000000007731
678.000000000000000 1.448082923889160 0.000000000007731
679.000000000000000 1.451082944869995 0.000000000007731
680.000000000000000 1.453083038330078 0.000000000007731
681.000000000000000 1.455083131790161 0.000000000007731
682.000000000000000 1.458083391189575 0.000000000007731
683.000000000000000 1.460083484649658 0.000000000007731
684.000000000000000 1.463083744049072 0.000000000007731
685.000000000000000 1.465083837509155 0.000000000007731
686.000000000000000 1.466083765029907 0.000000000007731
687.000000000000000 1.468083858489990 0.000000000007731
688.000000000000000 1.470084190368652 0.000000000007731
689.000000000000000 1.471084117889404 0.000000000007731
690.000000000000000 1.473084211349487 0.000000000007731
691.000000000000000 1.475084304809570 0.000000000007731
692.000000000000000 1.477084398269653 0.000000000007731
693.000000000000000 1.478084564208984 0.000000000007731
694.000000000000000 1.480084657669067 0.000000000007731
695.000000000000000 1.482084751129150 0.000000000007731
696.000000000000000 1.483084917068481 0.000000000007731
697.000000000000000 1.485085010528564 0.000000000007731
698.000000000000000 1.487085103988647 0.000000000007731
699.000000000000000 1.488085031509399 0.000000000007731
700.000000000000000 1.490085124969482 0.000000000007731
701.000000000000000 1.492085218429565 0.000000000007731
702.000000000000000 1.493085384368896 0.000000000007731
703.000000000000000 1.495085477828979 0.000000000007731
704.000000000000000 1.497085571289062 0.000000000007731
705.000000000000000 1.499085664749146 0.000000000007731
706.000000000000000 1.501085758209229 0.000000000007731
707.000000000000000 1.502085924148560 0.000000000007731
708.000000000000000 1.504086017608643 0.000000000007731
709.000000000000000 1.506086111068726 0.000000000007731
710.000000000000000 1.508086204528809 0.000000000007731
711.000000000000000 1.510086297988892 0.000000000007731
712.000000000000000 1.512086629867554 0.000000000007731
713.000000000000000 1.514086723327637 0.000000000007731
714.000000000000000 1.515086650848389 0.000000000007731
715.000000000000000 1.517086744308472 0.000000000007731
716.000000000000000 1.518086910247803 0.000000000007731
717.000000000000000 1.520087003707886 0.000000000007731
718.000000000000000 1.522087097167969 0.000000000007731
719.000000000000000 1.523087024688721 0.000000000007731
720.000000000000000 1.525087118148804 0.000000000007731
721.000000000000000 1.526087284088135 0.000000000007731
722.000000000000000 1.528087377548218 0.000000000007731
723.000000000000000 1.530087471008301 0.000000000007731
724.000000000000000 1.532087564468384 0.000000000007731
725.000000000000000 1.533087730407715 0.000000000007731
726.000000000000000 1.535087823867798 0.000000000007731
727.000000000000000 1.536087751388550 0.000000000007731
728.000000000000000 1.538087844848633 0.000000000007731
729.000000000000000 1.540088176727295 0.000000000007731
730.000000000000000 1.541088104248047 0.000000000007731
731.000000000000000 1.542088270187378 0.000000000007731
732.000000000000000 1.544088363647461 0.000000000007731
733.000000000000000 1.546088457107544 0.000000000007731
734.000000000000000 1.548088550567627 0.000000000007731
735.000000000000000 1.549088716506958 0.000000000007731
736.000000000000000 1.551088809967041 0.000000000007731
737.000000000000000 1.552088737487793 0.000000000007731
738.000000000000000 1.554088830947876 0.000000000007731
739.000000000000000 1.556088924407959 0.000000000007731
740.000000000000000 1.558089017868042 0.000000000007731
741.000000000000000 1.560089111328125 0.000000000007731
742.000000000000000 1.562089204788208 0.000000000007731
743.000000000000000 1.563089370727539 0.000000000007731
744.000000000000000 1.565089464187622 0.000000000007731
745.000000000000000 1.567089557647705 0.000000000007731
746.000000000000000 1.569089651107788 0.000000000007731
747.000000000000000 1.570089817047119 0.000000000007731
748.000000000000000 1.572089910507202 0.000000000007731
749.000000000000000 1.574090003967285 0.000000000007731
750.000000000000000 1.576090097427368 0.000000000007731
751.000000000000000 1.578090190887451 0.000000000007731
752.000000000000000 1.581090450286865 0.000000000007731
753.000000000000000 1.583090543746948 0.000000000007731
754.000000000000000 1.585090637207031 0.000000000007731
755.000000000000000 1.587090730667114 0.000000000007731
756.000000000000000 1.589090824127197 0.000000000007731
757.000000000000000 1.591090917587280 0.000000000007731
758.000000000000000 1.593091011047363 0.000000000007731
759.000000000000000 1.596091270446777 0.000000000007731
760.000000000000000 1.598091363906860 0.000000000007731
761.000000000000000 1.600091457366943 0.000000000007731
762.000000000000000 1.602091550827026 0.000000000007731
763.000000000000000 1.605091810226440 0.000000000007731
764.000000000000000 1.606091737747192 0.000000000007731
765.000000000000000 1.609091997146606 0.000000000007731
766.000000000000000 1.611092090606689 0.000000000007731
767.000000000000000 1.613092184066772 0.000000000007731
768.000000000000000 1.615092515945435 0.000000000007731
769.000000000000000 1.617092609405518 0.000000000007731
770.000000000000000 1.619092702865601 0.000000000007731
771.000000000000000 1.621092796325684 0.000000000007731
772.000000000000000 1.624092817306519 0.000000000007731
773.000000000000000 1.626092910766602 0.000000000007731
774.000000000000000 1.628093004226685 0.000000000007731
775.000000000000000 1.630093336105347 0.000000000007731
776.000000000000000 1.632093429565430 0.000000000007731
777.000000000000000 1.634093523025513 0.000000000007731
778.000000000000000 1.636093616485596 0.000000000007731
779.000000000000000 1.638093709945679 0.000000000007731
780.000000000000000 1.640093803405762 0.000000000007731
781.000000000000000 1.642093896865845 0.000000000007731
782.000000000000000 1.644093990325928 0.000000000007731
783.000000000000000 1.646094083786011 0.000000000007731
784.000000000000000 1.647094249725342 0.000000000007731
785.000000000000000 1.649094343185425 0.000000000007731
786.000000000000000 1.651094436645508 0.000000000007731
787.000000000000000 1.654094696044922 0.000000000007731
788.000000000000000 1.656094789505005 0.000000000007731
789.000000000000000 1.657094717025757 0.000000000007731
790.000000000000000 1.659094810485840 0.000000000007731
791.000000000000000 1.661094903945923 0.000000000007731
792.000000000000000 1.664095163345337 0.000000000007731
793.000000000000000 1.665095329284668 0.000000000007731
794.000000000000000 1.667095422744751 0.000000000007731
795.000000000000000 1.669095516204834 0.000000000007731
796.000000000000000 1.671095609664917 0.000000000007731
797.000000000000000 1.673095703125000 0.000000000007731
798.000000000000000 1.675095796585083 0.000000000007731
799.000000000000000 1.677095890045166 0.000000000007731
800.000000000000000 1.679095983505249 0.000000000007731
801.000000000000000 1.681096076965332 0.000000000007731
802.000000000000000 1.683096170425415 0.000000000007731
803.000000000000000 1.686096429824829 0.000000000007731
804.000000000000000 1.688096523284912 0.000000000007731
805.000000000000000 1.690096616744995 0.000000000007731
806.000000000000000 1.692096710205078 0.000000000007731
807.000000000000000 1.694096803665161 0.000000000007731
808.000000000000000 1.696097135543823 0.000000000007731
809.000000000000000 1.698097229003906 0.000000000007731
810.000000000000000 1.700097322463989 0.000000000007731
811.000000000000000 1.702097415924072 0.000000000007731
812.000000000000000 1.704097509384155 0.000000000007731
813.000000000000000 1.706097602844238 0.000000000007731
814.000000000000000 1.708097696304321 0.000000000007731
815.000000000000000 1.710097789764404 0.000000000007731
816.000000000000000 1.713098049163818 0.000000000007731
817.000000000000000 1.715098142623901 0.000000000007731
818.000000000000000 1.717098236083984 0.000000000007731
819.000000000000000 1.720098495483398 0.000000000007731
820.000000000000000 1.722098588943481 0.000000000007731
821.000000000000000 1.723098516464233 0.000000000007731
822.000000000000000 1.725098609924316 0.000000000007731
823.000000000000000 1.726098775863647 0.000000000007731
824.000000000000000 1.728098869323730 0.000000000007731
825.000000000000000 1.729099035263062 0.000000000007731
826.000000000000000 1.731099128723145 0.000000000007731
827.000000000000000 1.733099222183228 0.000000000007731
828.000000000000000 1.734099149703979 0.000000000007731
829.000000000000000 1.736099243164062 0.000000000007731
830.000000000000000 1.737099409103394 0.000000000007731
831.000000000000000 1.738099336624146 0.000000000007731
832.000000000000000 1.740099430084229 0.000000000007731
833.000000000000000 1.741099596023560 0.000000000007731
834.000000000000000 1.743099689483643 0.000000000007731
835.000000000000000 1.744099617004395 0.000000000007731
836.000000000000000 1.746099710464478 0.000000000007731
837.000000000000000 1.748100042343140 0.000000000007731
838.000000000000000 1.750100135803223 0.000000000007731
839.000000000000000 1.751100063323975 0.000000000007731
840.000000000000000 1.753100156784058 0.000000000007731
841.000000000000000 1.755100488662720 0.000000000007731
842.000000000000000 1.757100582122803 0.000000000007731
843.000000000000000 1.758100509643555 0.000000000007731
844.000000000000000 1.760100603103638 0.000000000007731
845.000000000000000 1.762100934982300 0.000000000007731
846.000000000000000 1.763100862503052 0.000000000007731
847.000000000000000 1.765100955963135 0.000000000007731
848.000000000000000 1.767101049423218 0.000000000007731
849.000000000000000 1.769101142883301 0.000000000007731
850.000000000000000 1.771101236343384 0.000000000007731
851.000000000000000 1.773101329803467 0.000000000007731
852.000000000000000 1.775101423263550 0.000000000007731
853.000000000000000 1.777101516723633 0.000000000007731
854.000000000000000 1.779101610183716 0.000000000007731
855.000000000000000 1.781101703643799 0.000000000007731
856.000000000000000 1.783102035522461 0.000000000007731
857.000000000000000 1.784101963043213 0.000000000007731
858.000000000000000 1.786102056503296 0.000000000007731
859.000000000000000 1.788102149963379 0.000000000007731
860.000000000000000 1.791102409362793 0.000000000007731
861.000000000000000 1.793102502822876 0.000000000007731
862.000000000000000 1.795102596282959 0.000000000007731
863.000000000000000 1.798102855682373 0.000000000007731
864.000000000000000 1.801103115081787 0.000000000007731
865.000000000000000 1.803103208541870 0.000000000007731
866.000000000000000 1.805103302001953 0.000000000007731
867.000000000000000 1.807103395462036 0.000000000007731
868.000000000000000 1.810103416442871 0.000000000007731
869.000000000000000 1.812103509902954 0.000000000007731
870.000000000000000 1.814103603363037 0.000000000007731
871.000000000000000 1.816103935241699 0.000000000007731
872.000000000000000 1.818104028701782 0.000000000007731
873.000000000000000 1.821104049682617 0.000000000007731
874.000000000000000 1.823104143142700 0.000000000007731
875.000000000000000 1.826104402542114 0.000000000007731
876.000000000000000 1.828104496002197 0.000000000007731
877.000000000000000 1.830104589462280 0.000000000007731
878.000000000000000 1.832104921340942 0.000000000007731
879.000000000000000 1.833104848861694 0.000000000007731
880.000000000000000 1.835104942321777 0.000000000007731
881.000000000000000 1.837105035781860 0.000000000007731
882.000000000000000 1.839105129241943 0.000000000007731
883.000000000000000 1.840105295181274 0.000000000007731
884.000000000000000 1.842105388641357 0.000000000007731
885.000000000000000 1.844105482101440 0.000000000007731
886.000000000000000 1.845105409622192 0.000000000007731
887.000000000000000 1.847105503082275 0.000000000007731
888.000000000000000 1.849105834960938 0.000000000007731
889.000000000000000 1.851105928421021 0.000000000007731
890.000000000000000 1.853106021881104 0.000000000007731
891.000000000000000 1.854105949401855 0.000000000007731
892.000000000000000 1.855106115341187 0.000000000007731
893.000000000000000 1.857106208801270 0.000000000007731
894.000000000000000 1.858106374740601 0.000000000007731
895.000000000000000 1.860106468200684 0.000000000007731
896.000000000000000 1.862106561660767 0.000000000007731
897.000000000000000 1.863106489181519 0.000000000007731
898.000000000000000 1.865106821060181 0.000000000007731
899.000000000000000 1.866106748580933 0.000000000007731
900.000000000000000 1.868106842041016 0.000000000007731
901.000000000000000 1.870106935501099 0.000000000007731
902.000000000000000 1.873107194900513 0.000000000007731
903.000000000000000 1.875107288360596 0.000000000007731
904.000000000000000 1.877107381820679 0.000000000007731
905.000000000000000 1.879107475280762 0.000000000007731
906.000000000000000 1.882107734680176 0.000000000007731
907.000000000000000 1.884107828140259 0.000000000007731
908.000000000000000 1.886107921600342 0.000000000007731
909.000000000000000 1.888108015060425 0.000000000007731
910.000000000000000 1.890108108520508 0.000000000007731
911.000000000000000 1.893108367919922 0.000000000007731
912.000000000000000 1.895108461380005 0.000000000007731
913.000000000000000 1.897108554840088 0.000000000007731
914.000000000000000 1.900108814239502 0.000000000007731
915.000000000000000 1.902108907699585 0.000000000007731
916.000000000000000 1.905108928680420 0.000000000007731
917.000000000000000 1.908109188079834 0.000000000007731
918.000000000000000 1.910109281539917 0.000000000007731
919.000000000000000 1.913109302520752 0.000000000007731
920.000000000000000 1.915109634399414 0.000000000007731
921.000000000000000 1.917109727859497 0.000000000007731
922.000000000000000 1.920109748840332 0.000000000007731
923.000000000000000 1.922109842300415 0.000000000007731
924.000000000000000 1.924109935760498 0.000000000007731
925.000000000000000 1.926110029220581 0.000000000007731
926.000000000000000 1.928110361099243 0.000000000007731
927.000000000000000 1.930110454559326 0.000000000007731
928.000000000000000 1.932110548019409 0.000000000007731
929.000000000000000 1.934110641479492 0.000000000007731
930.000000000000000 1.936110734939575 0.000000000007731
931.000000000000000 1.938110828399658 0.000000000007731
932.000000000000000 1.940110921859741 0.000000000007731
933.000000000000000 1.942111015319824 0.000000000007731
934.000000000000000 1.944111108779907 0.000000000007731
935.000000000000000 1.946111202239990 0.000000000007731
936.000000000000000 1.948111534118652 0.000000000007731
937.000000000000000 1.950111627578735 0.000000000007731
938.000000000000000 1.952111721038818 0.000000000007731
939.000000000000000 1.954111814498901 0.000000000007731
940.000000000000000 1.955111742019653 0.000000000007731
941.000000000000000 1.956111907958984 0.000000000007731
942.000000000000000 1.958112001419067 0.000000000007731
943.000000000000000 1.959111928939819 0.000000000007731
944.000000000000000 1.960112094879150 0.000000000007731
945.000000000000000 1.962112188339233 0.000000000007731
946.000000000000000 1.963112354278564 0.000000000007731
947.000000000000000 1.965112447738647 0.000000000007731
948.000000000000000 1.967112541198730 0.000000000007731
949.000000000000000 1.968112468719482 0.000000000007731
950.000000000000000 1.970112800598145 0.000000000007731
951.000000000000000 1.972112894058228 0.000000000007731
952.000000000000000 1.973112821578979 0.000000000007731
953.000000000000000 1.975112915039062 0.000000000007731
954.000000000000000 1.977113008499146 0.000000000007731
955.000000000000000 1.978113174438477 0.000000000007731
956.000000000000000 1.981113433837891 0.000000000007731
957.000000000000000 1.982113361358643 0.000000000007731
958.000000000000000 1.984113454818726 0.000000000007731
959.000000000000000 1.986113548278809 0.000000000007731
960.000000000000000 1.987113714218140 0.000000000007731
961.000000000000000 1.989113807678223 0.000000000007731
962.000000000000000 1.991113901138306 0.000000000007731
963.000000000000000 1.993113994598389 0.000000000007731
964.000000000000000 1.995114088058472 0.000000000007731
965.000000000000000 1.997114181518555 0.000000000007731
966.000000000000000 1.999114274978638 0.000000000007731
967.000000000000000 2.001114368438721 0.000000000007731
968.000000000000000 2.003114461898804 0.000000000007731
969.000000000000000 2.005114793777466 0.000000000007731
970.000000000000000 2.007114887237549 0.000000000007731
971.000000000000000 2.009114980697632 0.000000000007731
972.000000000000000 2.011115074157715 0.000000000007731
973.000000000000000 2.012115001678467 0.000000000007731
974.000000000000000 2.015115261077881 0.000000000007731
975.000000000000000 2.017115354537964 0.000000000007731
976.000000000000000 2.019115447998047 0.000000000007731
977.000000000000000 2.020115613937378 0.000000000007731
978.000000000000000 2.022115707397461 0.000000000007731
979.000000000000000 2.024115800857544 0.000000000007731
980.000000000000000 2.026115894317627 0.000000000007731
981.000000000000000 2.028115987777710 0.000000000007731
982.000000000000000 2.031116008758545 0.000000000007731
983.000000000000000 2.033116340637207 0.000000000007731
984.000000000000000 2.035116434097290 0.000000000007731
985.000000000000000 2.037116527557373 0.000000000007731
986.000000000000000 2.039116621017456 0.000000000007731
987.000000000000000 2.041116714477539 0.000000000007731
988.000000000000000 2.043116807937622 0.000000000007731
989.000000000000000 2.045116901397705 0.000000000007731
990.000000000000000 2.047117233276367 0.000000000007731
991.000000000000000 2.050117254257202 0.000000000007731
992.000000000000000 2.052117347717285 0.000000000007731
993.000000000000000 2.053117513656616 0.000000000007731
994.000000000000000 2.056117534637451 0.000000000007731
995.000000000000000 2.058117628097534 0.000000000007731
996.000000000000000 2.060117721557617 0.000000000007731
997.000000000000000 2.062117815017700 0.000000000007731
998.000000000000000 2.064117908477783 0.000000000007731
999.000000000000000 2.066118001937866 0.000000000007731
